0
0
0
0
0
1
2
3
4
4
5
6
6
7
7
7
8
9
9
9
10
10
11
11
12
12
12
12
13
16
18
18
19
20
21
21
22
25
25
28
29
30
30
33
33
34
34
35
37
40
40
41
41
42
42
43
44
45
46
46
47
48
50
51
52
54
54
56
56
59
59
60
61
62
62
63
64
65
67
67
71
71
71
73
73
73
75
75
76
77
78
79
81
81
81
81
82
82
83
83
85
86
86
86
87
87
87
89
89
90
90
92
93
93
94
94
94
96
97
98
100
100
101
103
104
106
108
109
110
112
112
113
113
114
118
118
119
120
120
120
124
126
127
127
129
131
132
132
132
133
133
133
134
136
137
138
138
139
142
142
145
146
146
146
147
148
150
150
151
152
153
154
154
154
155
156
156
157
158
158
159
159
159
159
163
164
165
165
167
167
168
170
171
171
173
174
175
176
177
177
178
178
179
180
181
183
183
185
186
186
186
186
187
187
187
188
190
191
192
193
194
195
195
197
197
198
198
198
199
200
201
201
202
202
203
203
204
204
205
205
206
206
207
209
210
211
211
213
214
214
214
216
216
216
217
218
218
219
219
222
223
223
224
224
224
224
225
226
226
227
228
229
231
232
232
233
233
233
233
234
234
235
236
236
237
238
238
238
238
239
240
241
244
244
245
246
248
249
249
251
252
252
252
253
253
255
256
256
257
257
259
259
261
261
262
264
264
264
266
267
268
268
268
269
270
271
273
274
274
274
274
274
275
277
277
277
278
279
279
279
280
280
280
281
283
284
284
284
287
287
287
288
290
290
291
292
292
292
292
293
294
294
297
297
297
298
299
299
299
300
300
300
301
301
301
302
303
306
307
308
308
312
312
313
313
315
318
318
320
320
321
322
322
323
324
325
325
325
327
327
328
328
328
329
330
330
331
331
332
333
334
334
336
336
340
341
341
342
344
345
345
345
345
349
351
352
352
352
353
353
358
359
359
360
361
361
361
362
363
363
365
366
366
367
368
368
369
369
370
372
373
375
377
379
379
381
381
382
382
383
383
383
383
387
387
387
388
388
390
391
392
392
393
394
395
397
397
398
399
399
402
403
403
404
405
406
406
408
409
411
411
411
412
412
412
412
413
413
413
413
414
414
415
415
415
416
417
417
418
419
420
420
423
425
426
427
427
428
429
430
433
434
434
435
435
436
436
438
446
446
446
448
448
449
449
451
452
453
454
455
455
459
460
461
461
461
461
462
463
463
465
466
467
467
468
468
470
471
471
471
473
473
473
473
474
474
475
476
477
479
480
481
481
481
481
482
483
485
485
486
489
489
489
491
491
491
491
493
495
495
495
495
496
499
501
503
503
504
504
505
505
505
507
509
510
510
511
511
511
512
513
514
515
516
516
518
518
519
519
520
520
521
522
523
523
524
524
525
525
526
526
527
528
529
529
530
531
532
532
532
534
534
534
534
535
535
536
537
537
538
538
540
540
540
540
540
541
541
542
543
544
544
546
547
548
549
549
552
552
554
555
555
556
557
559
560
562
562
564
565
567
569
569
570
572
576
576
577
580
581
581
582
583
584
584
584
586
586
586
587
589
589
590
591
592
592
592
593
593
594
594
595
596
597
597
599
599
601
601
601
602
602
602
602
602
603
603
604
605
605
607
608
608
609
609
609
610
611
612
612
615
615
615
616
616
616
617
618
619
619
620
620
621
621
622
623
623
624
625
625
626
626
627
627
628
629
630
630
630
635
636
636
637
641
641
644
644
644
645
646
649
650
651
651
652
652
652
653
654
654
654
655
656
656
656
656
657
657
658
660
661
662
665
668
668
669
670
670
670
670
671
671
673
674
675
676
678
678
678
679
679
680
681
682
683
686
687
688
688
688
689
689
690
692
693
693
694
696
696
698
698
699
703
703
705
707
708
709
710
711
711
712
712
712
713
714
714
717
718
718
718
719
719
721
721
721
721
722
722
723
723
724
724
724
726
727
727
727
727
728
728
729
729
730
730
731
731
731
731
731
732
733
733
733
735
736
737
737
738
738
739
740
742
742
743
743
743
744
747
747
749
751
752
752
753
754
754
754
755
756
758
758
760
761
762
762
764
767
768
769
771
771
771
772
772
773
773
774
775
776
777
779
779
779
781
782
782
782
783
784
785
786
786
787
787
788
793
794
795
795
797
797
799
800
800
801
802
803
803
804
804
805
806
806
806
808
808
808
809
813
815
816
817
817
818
818
818
819
819
819
819
821
822
822
822
822
822
823
824
824
825
825
826
826
827
829
831
834
835
837
839
840
843
844
844
844
846
846
848
848
849
851
853
853
854
856
859
859
859
861
861
862
862
863
863
864
865
865
868
869
869
870
872
873
873
875
875
875
878
879
879
881
884
884
885
886
890
890
891
893
893
894
894
894
894
895
897
898
898
899
900
902
902
902
903
905
905
905
907
908
909
910
910
916
919
920
922
922
923
925
927
927
928
928
928
929
930
930
931
931
931
931
932
932
934
934
935
936
937
940
945
946
946
946
946
947
948
948
948
949
949
950
950
950
953
953
953
954
955
956
959
960
960
962
963
964
964
965
965
965
965
965
966
966
966
967
967
968
968
968
969
971
972
972
973
974
974
974
977
977
979
980
982
983
983
983
984
984
986
987
987
987
988
988
990
991
991
992
993
994
994
994
996
996
996
997
997
997
998
998
998
999
999
1000
1001
1002
1002
1002
1003
1003
1004
1005
1006
1006
1007
1008
1010
1012
1012
1012
1013
1014
1014
1016
1018
1019
1023
1027
1027
1027
1028
1028
1029
1030
1030
1031
1032
1032
1033
1034
1035
1036
1036
1041
1041
1041
1046
1046
1047
1049
1050
1050
1052
1052
1053
1054
1054
1056
1056
1058
1060
1061
1061
1062
1062
1063
1063
1063
1063
1064
1064
1065
1067
1068
1069
1069
1069
1070
1070
1071
1072
1072
1073
1076
1076
1079
1079
1080
1080
1081
1082
1083
1084
1084
1085
1086
1086
1090
1092
1092
1094
1097
1098
1099
1100
1100
1102
1105
1105
1106
1106
1106
1107
1107
1109
1109
1111
1111
1113
1113
1114
1114
1115
1116
1117
1117
1118
1118
1119
1119
1119
1119
1121
1121
1124
1125
1126
1127
1127
1127
1128
1129
1129
1130
1131
1133
1133
1135
1136
1137
1137
1138
1138
1138
1139
1140
1141
1141
1142
1142
1142
1143
1143
1144
1144
1145
1145
1145
1147
1147
1147
1147
1149
1150
1155
1155
1156
1156
1156
1156
1157
1157
1157
1157
1158
1159
1161
1161
1161
1162
1162
1162
1164
1165
1165
1167
1167
1167
1167
1168
1169
1170
1170
1170
1173
1173
1174
1175
1175
1177
1177
1177
1178
1179
1181
1181
1181
1182
1184
1185
1187
1187
1188
1188
1190
1191
1191
1191
1191
1193
1194
1194
1194
1194
1196
1196
1197
1198
1198
1198
1198
1199
1200
1202
1202
1202
1204
1204
1204
1204
1205
1205
1206
1206
1207
1207
1210
1210
1211
1211
1211
1213
1213
1214
1215
1216
1217
1217
1218
1218
1218
1219
1221
1221
1221
1222
1222
1223
1223
1224
1225
1225
1225
1225
1227
1227
1227
1227
1229
1230
1230
1230
1233
1234
1234
1235
1236
1237
1237
1237
1239
1242
1242
1244
1245
1245
1246
1247
1248
1250
1250
1250
1250
1251
1252
1252
1252
1253
1253
1253
1255
1255
1257
1258
1260
1261
1261
1262
1263
1263
1263
1263
1264
1265
1267
1267
1268
1269
1272
1272
1272
1273
1273
1275
1275
1275
1276
1276
1276
1276
1277
1277
1277
1277
1279
1280
1283
1283
1284
1285
1285
1287
1287
1287
1288
1289
1291
1292
1292
1293
1293
1294
1295
1296
1296
1296
1298
1298
1299
1300
1300
1301
1302
1302
1303
1304
1305
1306
1306
1308
1309
1311
1312
1312
1313
1313
1314
1316
1317
1317
1317
1318
1318
1318
1319
1321
1324
1325
1327
1327
1330
1331
1332
1332
1332
1334
1334
1335
1335
1336
1336
1337
1338
1338
1339
1339
1339
1340
1341
1342
1342
1343
1343
1344
1344
1344
1347
1347
1349
1349
1353
1353
1353
1354
1354
1354
1354
1355
1355
1355
1355
1357
1358
1358
1360
1362
1362
1365
1365
1366
1367
1367
1367
1368
1368
1369
1369
1370
1371
1371
1371
1371
1372
1374
1375
1375
1375
1375
1376
1376
1377
1378
1380
1382
1383
1383
1384
1384
1385
1386
1387
1388
1389
1389
1389
1389
1393
1393
1394
1395
1396
1397
1397
1398
1398
1399
1399
1399
1400
1401
1402
1404
1404
1404
1406
1407
1409
1410
1411
1414
1414
1415
1416
1417
1417
1418
1418
1419
1420
1422
1424
1424
1426
1426
1428
1428
1429
1430
1430
1431
1431
1432
1433
1433
1434
1434
1435
1436
1436
1438
1438
1441
1441
1442
1442
1444
1445
1446
1446
1446
1447
1447
1448
1448
1449
1450
1452
1454
1454
1455
1455
1456
1457
1458
1458
1459
1459
1461
1461
1462
1462
1462
1462
1462
1464
1464
1465
1465
1468
1469
1469
1472
1472
1473
1473
1473
1473
1473
1473
1475
1477
1478
1479
1480
1480
1483
1484
1484
1486
1486
1486
1486
1490
1490
1492
1493
1493
1493
1493
1494
1495
1495
1495
1496
1497
1497
1498
1498
1499
1501
1502
1503
1505
1506
1508
1508
1508
1510
1512
1513
1515
1515
1516
1517
1517
1518
1519
1522
1522
1523
1526
1529
1529
1529
1529
1530
1530
1531
1533
1537
1539
1540
1540
1540
1540
1541
1541
1542
1542
1542
1542
1542
1543
1543
1544
1544
1546
1548
1549
1549
1550
1551
1551
1552
1553
1553
1554
1556
1556
1556
1560
1561
1561
1561
1564
1565
1566
1569
1570
1570
1570
1571
1572
1573
1574
1576
1576
1577
1577
1577
1578
1578
1578
1579
1583
1583
1585
1585
1586
1587
1589
1589
1590
1590
1591
1591
1591
1592
1593
1593
1594
1594
1594
1595
1597
1597
1598
1599
1599
1602
1602
1603
1604
1606
1606
1606
1606
1608
1608
1608
1609
1609
1610
1611
1612
1613
1613
1616
1619
1621
1622
1623
1623
1625
1629
1630
1630
1630
1631
1632
1633
1634
1634
1635
1635
1636
1636
1637
1638
1641
1643
1643
1644
1644
1645
1646
1646
1647
1647
1647
1647
1647
1647
1648
1649
1650
1652
1653
1654
1656
1657
1657
1659
1659
1660
1660
1663
1663
1663
1664
1668
1669
1670
1670
1671
1672
1672
1672
1673
1673
1675
1677
1678
1679
1679
1681
1682
1683
1683
1685
1685
1686
1686
1687
1687
1688
1691
1692
1693
1694
1694
1695
1696
1697
1699
1699
1700
1700
1700
1701
1701
1702
1702
1703
1705
1706
1706
1707
1708
1708
1709
1709
1710
1711
1711
1712
1712
1713
1713
1713
1714
1715
1716
1717
1719
1719
1719
1720
1722
1722
1722
1723
1724
1724
1726
1728
1728
1728
1729
1731
1735
1735
1736
1738
1738
1738
1738
1740
1740
1740
1740
1741
1741
1743
1745
1746
1746
1747
1749
1749
1749
1751
1751
1753
1753
1754
1755
1756
1756
1756
1757
1760
1760
1762
1762
1762
1763
1764
1764
1767
1768
1768
1768
1770
1771
1773
1774
1775
1775
1776
1777
1777
1778
1778
1778
1779
1780
1781
1786
1786
1787
1788
1788
1789
1790
1791
1791
1792
1794
1795
1795
1795
1796
1797
1797
1800
1800
1801
1802
1802
1802
1804
1805
1805
1805
1806
1806
1807
1807
1807
1808
1808
1808
1809
1810
1812
1812
1815
1815
1815
1816
1816
1817
1822
1822
1824
1825
1826
1826
1828
1829
1831
1832
1832
1833
1833
1833
1835
1835
1835
1836
1837
1837
1838
1838
1839
1839
1840
1840
1841
1841
1841
1841
1843
1844
1846
1847
1847
1849
1851
1851
1852
1854
1854
1854
1856
1856
1858
1860
1863
1864
1864
1864
1865
1865
1866
1868
1869
1870
1871
1871
1872
1873
1873
1878
1878
1880
1880
1880
1881
1883
1883
1884
1884
1885
1885
1886
1887
1887
1888
1889
1891
1893
1893
1894
1894
1895
1895
1895
1896
1896
1897
1898
1898
1899
1899
1900
1901
1901
1903
1903
1904
1904
1906
1906
1906
1906
1908
1909
1910
1911
1911
1911
1912
1912
1912
1912
1912
1913
1913
1914
1915
1915
1915
1917
1917
1917
1918
1918
1919
1920
1920
1921
1922
1922
1922
1922
1923
1924
1924
1926
1926
1927
1927
1928
1928
1928
1932
1933
1933
1934
1935
1936
1936
1941
1942
1944
1945
1946
1946
1947
1948
1949
1950
1952
1953
1956
1957
1957
1957
1957
1958
1960
1960
1961
1963
1965
1965
1966
1966
1966
1968
1968
1969
1971
1972
1972
1974
1974
1976
1976
1984
1984
1985
1985
1986
1986
1986
1987
1988
1989
1989
1990
1990
1991
1992
1993
1993
1993
1993
1994
1995
1996
1998
1999
2000
2000
2001
2003
2004
2005
2005
2005
2006
2007
2008
2009
2009
2009
2011
2012
2016
2016
2016
2017
2018
2018
2018
2019
2019
2021
2021
2022
2023
2025
2025
2025
2026
2027
2028
2028
2030
2032
2032
2034
2036
2038
2038
2038
2038
2038
2039
2039
2040
2040
2041
2041
2042
2046
2046
2046
2046
2046
2047
2047
2047
2055
2056
2056
2057
2057
2059
2060
2060
2061
2061
2063
2063
2064
2066
2067
2067
2068
2069
2069
2070
2070
2072
2072
2075
2077
2081
2081
2081
2083
2083
2084
2086
2087
2087
2088
2089
2089
2089
2090
2091
2092
2093
2094
2094
2094
2095
2096
2097
2098
2098
2098
2099
2099
2101
2105
2105
2105
2105
2106
2107
2107
2107
2107
2109
2110
2114
2114
2116
2118
2118
2118
2119
2119
2120
2120
2122
2123
2124
2124
2125
2126
2126
2126
2127
2127
2128
2128
2129
2130
2131
2132
2133
2134
2135
2135
2136
2136
2136
2137
2137
2137
2139
2139
2140
2142
2142
2142
2143
2144
2145
2146
2147
2147
2148
2148
2148
2150
2150
2151
2151
2154
2155
2155
2157
2158
2159
2161
2162
2163
2163
2164
2165
2165
2166
2168
2168
2168
2168
2170
2172
2172
2172
2174
2174
2175
2175
2175
2176
2179
2180
2181
2181
2182
2182
2183
2183
2184
2184
2184
2185
2187
2191
2191
2194
2195
2196
2197
2197
2198
2199
2199
2201
2201
2201
2201
2206
2206
2207
2208
2209
2209
2210
2211
2211
2212
2214
2215
2215
2216
2216
2218
2218
2218
2218
2219
2220
2220
2221
2222
2222
2222
2223
2223
2225
2225
2227
2227
2228
2229
2230
2230
2230
2231
2231
2235
2236
2236
2237
2237
2238
2238
2239
2239
2240
2240
2241
2241
2242
2242
2243
2244
2244
2244
2245
2245
2247
2247
2247
2247
2248
2248
2249
2249
2250
2251
2252
2253
2253
2253
2254
2255
2255
2255
2255
2257
2258
2259
2260
2260
2261
2261
2262
2262
2263
2263
2263
2263
2264
2267
2267
2270
2270
2271
2273
2274
2275
2276
2276
2276
2279
2280
2280
2281
2281
2282
2285
2285
2286
2286
2286
2287
2287
2288
2288
2291
2295
2295
2295
2298
2298
2301
2301
2302
2304
2305
2307
2308
2308
2309
2311
2311
2314
2314
2315
2316
2319
2321
2323
2323
2323
2323
2324
2324
2325
2327
2328
2330
2330
2331
2333
2333
2334
2334
2337
2337
2339
2339
2339
2340
2340
2340
2341
2341
2342
2342
2343
2344
2344
2345
2345
2347
2348
2349
2350
2351
2351
2351
2353
2353
2353
2353
2354
2354
2356
2356
2356
2357
2359
2359
2360
2361
2361
2362
2362
2363
2363
2364
2365
2365
2369
2369
2370
2370
2370
2371
2372
2372
2372
2375
2376
2376
2376
2378
2378
2379
2379
2381
2381
2382
2383
2383
2384
2385
2386
2387
2387
2388
2389
2389
2390
2391
2392
2393
2393
2394
2394
2397
2401
2402
2402
2403
2403
2405
2406
2408
2409
2410
2410
2411
2411
2412
2413
2413
2413
2414
2416
2416
2416
2417
2417
2417
2418
2418
2419
2420
2421
2421
2421
2422
2422
2423
2427
2427
2428
2428
2428
2429
2429
2430
2431
2433
2433
2433
2433
2433
2433
2433
2434
2434
2434
2434
2434
2435
2435
2436
2436
2436
2437
2437
2438
2439
2439
2441
2442
2443
2443
2443
2443
2444
2445
2447
2447
2448
2449
2449
2449
2452
2452
2452
2454
2455
2455
2456
2457
2457
2457
2457
2457
2458
2459
2461
2463
2464
2465
2466
2466
2467
2468
2469
2471
2472
2472
2473
2474
2476
2476
2476
2480
2481
2483
2484
2484
2486
2486
2488
2488
2489
2489
2489
2490
2490
2490
2491
2493
2495
2495
2497
2499
2500
2500
2501
2502
2503
2504
2504
2505
2505
2506
2506
2506
2507
2508
2508
2509
2511
2511
2512
2512
2514
2514
2515
2516
2518
2519
2519
2519
2521
2521
2521
2522
2522
2525
2526
2526
2527
2528
2529
2530
2531
2531
2532
2532
2533
2534
2534
2534
2534
2534
2536
2537
2538
2538
2538
2539
2540
2540
2541
2541
2541
2541
2542
2544
2544
2545
2545
2545
2546
2546
2547
2548
2548
2548
2550
2551
2553
2553
2554
2554
2554
2556
2557
2558
2558
2559
2559
2559
2559
2560
2562
2562
2562
2563
2564
2564
2565
2566
2566
2567
2570
2571
2571
2571
2572
2572
2573
2573
2573
2575
2575
2576
2576
2577
2578
2580
2580
2582
2582
2583
2584
2584
2584
2585
2588
2589
2589
2590
2591
2592
2592
2592
2592
2592
2593
2594
2594
2596
2596
2597
2598
2598
2600
2601
2601
2602
2602
2602
2603
2603
2604
2604
2607
2608
2608
2608
2609
2609
2610
2610
2611
2612
2612
2613
2614
2615
2616
2616
2616
2617
2617
2617
2618
2619
2619
2620
2625
2625
2625
2626
2627
2628
2629
2632
2633
2633
2634
2635
2635
2636
2638
2641
2644
2644
2645
2646
2649
2649
2650
2650
2651
2652
2654
2655
2655
2656
2656
2656
2657
2658
2659
2659
2660
2661
2662
2662
2663
2663
2665
2667
2668
2669
2669
2669
2671
2671
2673
2673
2674
2675
2675
2676
2677
2682
2685
2686
2686
2686
2687
2687
2687
2688
2688
2688
2689
2689
2689
2690
2692
2692
2692
2693
2695
2696
2696
2696
2697
2697
2698
2698
2700
2701
2701
2701
2702
2703
2704
2705
2707
2710
2710
2710
2711
2711
2713
2713
2713
2713
2713
2713
2715
2716
2717
2718
2719
2719
2720
2720
2721
2722
2723
2725
2726
2726
2727
2728
2729
2730
2731
2733
2733
2734
2734
2735
2736
2737
2737
2738
2738
2739
2739
2741
2742
2743
2745
2747
2747
2748
2748
2748
2748
2749
2751
2752
2754
2754
2755
2756
2756
2757
2757
2757
2757
2758
2758
2758
2759
2759
2759
2761
2763
2766
2767
2768
2770
2773
2774
2774
2775
2776
2776
2776
2776
2777
2778
2778
2780
2780
2783
2784
2788
2788
2789
2791
2793
2793
2799
2801
2801
2802
2802
2803
2803
2805
2805
2805
2806
2806
2807
2811
2811
2812
2815
2819
2820
2821
2821
2821
2822
2823
2823
2824
2824
2825
2825
2825
2825
2825
2826
2827
2827
2833
2833
2833
2835
2836
2837
2838
2838
2838
2840
2840
2845
2845
2845
2848
2848
2848
2850
2851
2854
2854
2854
2855
2855
2856
2857
2857
2858
2858
2860
2860
2861
2861
2863
2863
2863
2864
2864
2867
2867
2867
2867
2867
2869
2869
2870
2870
2873
2874
2875
2875
2876
2877
2878
2880
2881
2882
2882
2882
2884
2886
2886
2886
2887
2888
2889
2889
2890
2891
2892
2893
2895
2895
2897
2897
2898
2898
2902
2903
2903
2903
2904
2905
2905
2907
2907
2908
2909
2909
2910
2911
2911
2914
2916
2916
2917
2917
2920
2920
2923
2924
2924
2924
2925
2925
2925
2928
2928
2928
2928
2929
2930
2932
2934
2934
2937
2938
2938
2938
2940
2941
2942
2945
2946
2947
2947
2948
2948
2952
2954
2955
2956
2956
2957
2957
2957
2958
2958
2959
2960
2961
2962
2963
2963
2963
2964
2966
2967
2967
2969
2970
2971
2972
2972
2972
2972
2973
2973
2978
2978
2980
2981
2984
2985
2985
2986
2986
2988
2988
2988
2989
2990
2990
2990
2990
2992
2994
2995
2996
2997
2998
2999
3000
3001
3002
3003
3004
3007
3007
3007
3009
3010
3010
3014
3015
3017
3018
3020
3020
3021
3023
3024
3024
3025
3026
3027
3027
3029
3029
3029
3030
3031
3033
3034
3035
3036
3037
3037
3039
3039
3039
3041
3041
3047
3049
3050
3051
3051
3052
3053
3054
3054
3054
3056
3056
3057
3057
3057
3058
3059
3060
3060
3062
3062
3063
3063
3064
3065
3066
3066
3066
3067
3067
3068
3069
3071
3071
3071
3075
3075
3077
3078
3078
3079
3080
3081
3083
3087
3088
3088
3088
3089
3090
3091
3091
3092
3093
3094
3095
3096
3099
3100
3101
3102
3102
3104
3104
3104
3107
3107
3108
3108
3108
3110
3111
3111
3113
3115
3116
3118
3118
3121
3122
3123
3126
3129
3129
3130
3133
3133
3133
3135
3135
3135
3137
3138
3138
3138
3138
3139
3140
3142
3142
3143
3144
3145
3145
3147
3149
3150
3151
3156
3157
3157
3158
3158
3158
3159
3160
3160
3160
3161
3161
3162
3162
3162
3165
3165
3166
3167
3170
3173
3174
3175
3175
3176
3178
3179
3179
3180
3182
3183
3183
3184
3185
3186
3187
3189
3189
3191
3194
3195
3195
3196
3197
3197
3197
3198
3200
3201
3202
3202
3203
3205
3207
3209
3209
3210
3210
3210
3210
3212
3212
3215
3216
3216
3216
3218
3219
3220
3221
3222
3223
3223
3225
3226
3226
3229
3229
3230
3231
3232
3234
3235
3236
3236
3237
3238
3239
3239
3240
3241
3242
3242
3244
3245
3248
3249
3250
3251
3252
3253
3257
3264
3266
3267
3267
3272
3273
3273
3274
3275
3275
3276
3278
3279
3279
3280
3281
3281
3281
3282
3283
3286
3287
3288
3288
3289
3289
3290
3291
3294
3294
3299
3301
3302
3304
3306
3306
3306
3307
3307
3307
3308
3308
3309
3310
3311
3312
3314
3314
3315
3316
3316
3319
3320
3320
3323
3325
3326
3328
3328
3329
3330
3330
3332
3332
3336
3337
3338
3338
3338
3340
3340
3341
3341
3341
3342
3342
3344
3344
3344
3344
3345
3346
3347
3347
3349
3349
3349
3350
3350
3352
3353
3353
3354
3355
3356
3357
3358
3358
3359
3359
3360
3362
3363
3363
3364
3365
3365
3366
3371
3372
3372
3373
3377
3377
3378
3386
3386
3392
3392
3392
3393
3398
3398
3401
3401
3402
3403
3404
3404
3405
3406
3406
3409
3409
3411
3414
3414
3414
3418
3418
3419
3420
3422
3422
3424
3424
3425
3426
3428
3430
3432
3432
3433
3434
3435
3437
3437
3438
3439
3440
3443
3444
3444
3446
3447
3448
3448
3448
3454
3457
3458
3458
3458
3460
3461
3464
3466
3467
3468
3468
3469
3470
3470
3473
3476
3478
3478
3478
3478
3479
3479
3479
3479
3480
3481
3483
3484
3484
3484
3486
3487
3489
3490
3491
3492
3492
3492
3494
3494
3494
3496
3496
3498
3499
3500
3500
3502
3502
3502
3504
3507
3508
3513
3513
3513
3515
3516
3518
3518
3518
3520
3520
3520
3520
3521
3522
3526
3528
3528
3529
3529
3531
3533
3533
3533
3534
3534
3534
3535
3535
3535
3535
3535
3536
3537
3537
3540
3540
3541
3542
3542
3542
3544
3544
3544
3545
3545
3545
3546
3549
3549
3549
3549
3549
3549
3550
3551
3551
3554
3554
3555
3555
3555
3555
3555
3559
3561
3562
3564
3564
3564
3566
3567
3569
3570
3571
3572
3574
3574
3579
3579
3581
3581
3581
3582
3582
3583
3584
3585
3587
3587
3588
3588
3589
3589
3590
3591
3591
3592
3592
3593
3593
3596
3598
3599
3599
3600
3601
3603
3606
3606
3607
3607
3607
3607
3607
3608
3610
3610
3611
3611
3611
3612
3613
3613
3619
3620
3620
3621
3622
3623
3623
3624
3625
3625
3627
3630
3630
3631
3632
3635
3635
3636
3636
3637
3637
3637
3639
3640
3641
3646
3650
3651
3651
3652
3653
3653
3653
3653
3654
3654
3654
3656
3656
3656
3657
3657
3657
3657
3658
3659
3659
3662
3663
3663
3664
3666
3669
3670
3671
3673
3674
3675
3675
3675
3675
3679
3680
3683
3683
3683
3686
3687
3687
3691
3693
3693
3694
3695
3698
3700
3701
3701
3702
3704
3704
3705
3706
3707
3708
3712
3713
3713
3714
3714
3715
3716
3720
3722
3722
3723
3726
3726
3727
3729
3729
3729
3730
3731
3731
3731
3732
3733
3734
3734
3735
3736
3739
3743
3744
3744
3746
3746
3746
3749
3749
3749
3749
3751
3752
3752
3753
3753
3753
3754
3755
3756
3757
3757
3757
3758
3760
3760
3761
3763
3763
3764
3764
3764
3764
3764
3765
3766
3768
3769
3769
3770
3770
3770
3771
3772
3775
3776
3777
3777
3778
3778
3780
3784
3784
3784
3785
3787
3788
3788
3789
3789
3789
3793
3796
3796
3797
3802
3803
3804
3804
3805
3806
3806
3806
3807
3808
3812
3814
3815
3815
3816
3817
3819
3820
3824
3828
3830
3834
3838
3840
3841
3841
3843
3844
3844
3844
3845
3846
3849
3850
3853
3853
3856
3857
3858
3858
3859
3860
3860
3862
3862
3863
3863
3864
3864
3867
3869
3870
3871
3872
3873
3874
3874
3875
3876
3876
3877
3878
3881
3881
3882
3885
3885
3888
3890
3892
3893
3894
3894
3895
3895
3895
3896
3897
3901
3902
3902
3905
3905
3906
3910
3911
3912
3914
3916
3917
3918
3918
3919
3920
3920
3922
3922
3922
3924
3924
3925
3925
3926
3926
3926
3927
3927
3930
3930
3930
3932
3938
3939
3939
3940
3941
3943
3945
3945
3945
3946
3947
3950
3951
3951
3951
3952
3953
3953
3954
3955
3957
3957
3959
3962
3964
3965
3966
3967
3970
3970
3970
3975
3975
3978
3978
3978
3980
3982
3984
3986
3987
3988
3988
3989
3989
3990
3990
3993
3993
3994
3994
3995
3996
3997
3997
4000
4000
4002
4002
4003
4005
4005
4006
4007
4007
4008
4008
4009
4012
4013
4016
4016
4017
4017
4018
4018
4020
4022
4023
4026
4028
4029
4030
4030
4034
4036
4036
4037
4037
4038
4038
4040
4041
4043
4044
4047
4048
4048
4049
4050
4051
4057
4058
4059
4059
4060
4060
4061
4063
4065
4065
4065
4066
4067
4068
4071
4071
4073
4074
4080
4081
4081
4081
4082
4083
4085
4088
4089
4089
4089
4091
4091
4092
4093
4095
4095
4097
4097
4097
4098
4099
4099
4099
4099
4099
4102
4103
4103
4105
4106
4107
4108
4108
4110
4111
4111
4112
4112
4113
4115
4117
4117
4118
4119
4119
4121
4121
4123
4125
4129
4131
4133
4134
4135
4135
4137
4137
4138
4141
4141
4145
4146
4147
4148
4150
4151
4152
4152
4153
4154
4158
4159
4159
4160
4162
4164
4164
4165
4165
4166
4166
4166
4170
4173
4174
4176
4177
4179
4181
4185
4187
4189
4190
4191
4191
4192
4193
4195
4195
4195
4196
4197
4198
4201
4201
4201
4203
4204
4205
4207
4208
4208
4209
4211
4211
4211
4213
4214
4214
4215
4217
4217
4217
4218
4218
4222
4223
4226
4226
4227
4227
4228
4228
4228
4228
4229
4231
4232
4235
4236
4238
4238
4239
4240
4240
4242
4242
4243
4244
4245
4246
4248
4249
4250
4251
4255
4257
4257
4257
4258
4259
4260
4262
4262
4264
4265
4265
4267
4268
4269
4271
4271
4272
4273
4276
4277
4278
4278
4279
4281
4283
4286
4289
4290
4292
4294
4294
4295
4296
4298
4299
4300
4300
4300
4302
4303
4304
4305
4307
4307
4308
4308
4308
4309
4310
4311
4311
4313
4313
4314
4314
4315
4317
4318
4320
4322
4322
4322
4323
4324
4324
4325
4326
4326
4327
4329
4329
4329
4329
4330
4334
4334
4334
4335
4335
4336
4339
4341
4341
4344
4346
4349
4350
4350
4350
4352
4353
4355
4363
4363
4364
4364
4365
4366
4367
4367
4369
4371
4373
4373
4374
4375
4379
4382
4383
4386
4387
4387
4388
4389
4391
4394
4395
4397
4397
4398
4400
4400
4401
4401
4402
4403
4403
4404
4405
4406
4407
4407
4408
4409
4409
4410
4413
4414
4415
4416
4417
4418
4418
4423
4423
4425
4427
4427
4428
4428
4429
4429
4430
4432
4434
4435
4436
4436
4437
4438
4438
4442
4442
4442
4443
4443
4446
4446
4448
4449
4451
4452
4452
4454
4454
4456
4456
4457
4459
4459
4460
4461
4462
4464
4465
4465
4466
4466
4468
4468
4470
4471
4472
4472
4473
4475
4478
4480
4480
4482
4483
4485
4485
4486
4487
4488
4489
4489
4492
4492
4493
4495
4497
4497
4498
4499
4499
4500
4500
4501
4502
4502
4503
4506
4506
4510
4510
4514
4514
4514
4518
4518
4520
4521
4521
4522
4523
4523
4524
4527
4527
4527
4528
4529
4530
4530
4532
4533
4533
4533
4534
4534
4535
4536
4537
4540
4540
4542
4547
4548
4549
4550
4553
4554
4554
4558
4560
4561
4562
4564
4566
4566
4567
4567
4568
4569
4570
4573
4574
4575
4575
4577
4579
4579
4579
4580
4582
4583
4583
4585
4585
4585
4585
4585
4586
4586
4587
4587
4588
4590
4591
4593
4593
4593
4595
4596
4598
4600
4600
4601
4602
4602
4603
4603
4603
4603
4605
4605
4606
4606
4609
4610
4610
4611
4612
4614
4615
4616
4617
4618
4620
4620
4622
4622
4623
4625
4627
4630
4633
4634
4636
4637
4637
4638
4638
4639
4639
4639
4640
4641
4643
4643
4645
4647
4649
4650
4650
4652
4653
4653
4654
4655
4655
4656
4656
4656
4657
4657
4657
4657
4659
4662
4662
4662
4663
4665
4665
4668
4668
4668
4670
4670
4671
4674
4675
4676
4677
4678
4679
4681
4682
4684
4684
4684
4686
4687
4687
4689
4691
4693
4695
4695
4697
4698
4699
4700
4700
4702
4703
4706
4707
4713
4713
4718
4719
4720
4723
4724
4725
4726
4727
4730
4730
4731
4735
4737
4738
4739
4739
4740
4742
4743
4746
4746
4747
4748
4748
4749
4752
4752
4753
4754
4755
4756
4757
4757
4757
4757
4758
4761
4762
4762
4762
4763
4763
4764
4764
4764
4765
4765
4767
4768
4768
4769
4771
4771
4775
4778
4779
4781
4782
4783
4783
4783
4784
4784
4786
4790
4791
4795
4796
4796
4796
4796
4798
4799
4799
4800
4806
4806
4809
4812
4813
4816
4816
4816
4817
4818
4818
4819
4819
4825
4825
4825
4826
4826
4828
4829
4830
4830
4830
4831
4832
4833
4833
4834
4835
4835
4836
4836
4836
4840
4840
4841
4842
4842
4842
4843
4843
4843
4843
4845
4845
4847
4852
4852
4853
4854
4857
4858
4859
4860
4860
4860
4861
4867
4867
4868
4869
4869
4872
4873
4873
4873
4874
4875
4876
4878
4881
4882
4883
4885
4886
4888
4888
4889
4889
4889
4889
4890
4891
4891
4893
4895
4899
4900
4901
4903
4903
4904
4904
4906
4906
4907
4907
4910
4911
4912
4912
4914
4915
4916
4918
4920
4920
4921
4923
4924
4924
4924
4925
4926
4926
4928
4929
4929
4929
4930
4930
4930
4933
4933
4934
4934
4934
4935
4937
4938
4939
4939
4941
4942
4943
4945
4945
4947
4948
4949
4952
4952
4952
4954
4955
4955
4955
4956
4956
4957
4957
4958
4958
4959
4960
4961
4961
4964
4965
4965
4965
4967
4967
4969
4969
4969
4969
4969
4972
4972
4973
4973
4974
4974
4975
4976
4979
4980
4983
4986
4987
4987
4987
4988
4988
4990
4990
4990
4990
4992
4993
4994
4995
4996
5000
5001
5001
5004
5005
5008
5009
5010
5010
5010
5012
5013
5013
5016
5016
5016
5018
5019
5019
5021
5023
5024
5026
5027
5028
5030
5030
5031
5032
5032
5032
5033
5033
5034
5035
5035
5036
5037
5040
5040
5041
5043
5043
5046
5049
5050
5050
5051
5052
5052
5052
5055
5057
5057
5058
5061
5063
5064
5065
5069
5070
5075
5076
5076
5078
5078
5079
5079
5080
5081
5084
5085
5085
5088
5089
5091
5094
5095
5096
5096
5096
5097
5097
5099
5099
5100
5102
5103
5105
5105
5105
5106
5108
5109
5111
5114
5115
5115
5116
5117
5118
5120
5120
5121
5121
5122
5123
5124
5128
5130
5132
5133
5134
5136
5136
5136
5137
5138
5139
5140
5140
5140
5143
5143
5145
5147
5149
5150
5151
5153
5153
5154
5155
5157
5159
5160
5160
5161
5162
5163
5164
5165
5166
5168
5169
5170
5170
5170
5171
5172
5172
5174
5174
5176
5177
5179
5180
5181
5182
5182
5183
5185
5185
5188
5188
5190
5191
5192
5193
5195
5195
5197
5198
5199
5200
5200
5201
5202
5203
5204
5206
5206
5207
5207
5207
5208
5208
5209
5210
5210
5212
5212
5215
5215
5216
5216
5217
5218
5218
5218
5219
5221
5221
5221
5222
5225
5225
5228
5228
5229
5231
5232
5233
5235
5235
5235
5235
5235
5236
5237
5238
5239
5239
5239
5239
5240
5240
5241
5243
5243
5244
5247
5249
5251
5252
5254
5254
5256
5257
5260
5261
5263
5263
5263
5267
5267
5269
5270
5273
5276
5276
5276
5277
5278
5278
5278
5279
5280
5280
5283
5283
5283
5284
5284
5285
5285
5286
5288
5290
5290
5291
5291
5292
5292
5293
5294
5296
5296
5296
5297
5297
5298
5298
5300
5301
5303
5304
5304
5306
5306
5306
5306
5307
5307
5308
5313
5313
5316
5317
5320
5321
5321
5321
5322
5325
5325
5325
5326
5328
5328
5328
5329
5331
5332
5332
5332
5333
5333
5336
5336
5338
5339
5341
5341
5342
5343
5343
5345
5346
5348
5349
5350
5351
5352
5353
5353
5353
5356
5356
5357
5357
5358
5360
5361
5363
5364
5365
5366
5367
5367
5368
5368
5369
5370
5370
5371
5377
5377
5379
5379
5380
5380
5383
5384
5384
5385
5386
5387
5388
5389
5392
5393
5393
5393
5393
5395
5397
5397
5398
5399
5400
5401
5401
5402
5405
5407
5407
5407
5407
5409
5410
5410
5410
5411
5411
5412
5413
5414
5415
5415
5417
5418
5419
5427
5427
5432
5433
5433
5434
5434
5435
5439
5439
5441
5442
5442
5443
5443
5444
5444
5450
5453
5454
5454
5455
5455
5457
5458
5461
5463
5464
5466
5466
5466
5466
5467
5467
5468
5468
5468
5470
5471
5472
5474
5476
5476
5480
5486
5488
5488
5489
5490
5491
5492
5492
5493
5493
5497
5498
5499
5500
5500
5501
5501
5501
5503
5507
5507
5509
5515
5515
5516
5516
5520
5521
5521
5522
5522
5522
5523
5525
5525
5527
5528
5529
5529
5530
5531
5531
5534
5534
5535
5536
5536
5536
5537
5539
5540
5541
5543
5544
5545
5545
5546
5547
5548
5548
5548
5550
5550
5551
5551
5553
5556
5557
5560
5560
5561
5563
5565
5566
5567
5570
5570
5576
5577
5578
5581
5584
5586
5586
5587
5587
5589
5590
5590
5591
5591
5600
5603
5603
5603
5603
5604
5605
5610
5610
5610
5612
5612
5613
5617
5620
5621
5621
5622
5623
5623
5626
5627
5630
5631
5631
5632
5634
5635
5635
5636
5637
5637
5641
5641
5641
5642
5644
5645
5645
5647
5649
5650
5653
5654
5656
5657
5658
5659
5660
5661
5663
5664
5664
5665
5666
5666
5668
5668
5671
5673
5674
5674
5675
5675
5675
5676
5677
5679
5684
5684
5685
5685
5686
5687
5687
5688
5688
5688
5688
5689
5690
5690
5691
5691
5691
5696
5696
5696
5696
5698
5699
5699
5701
5701
5701
5704
5705
5706
5706
5708
5709
5711
5711
5711
5712
5712
5713
5713
5713
5713
5714
5718
5719
5721
5721
5722
5722
5723
5727
5727
5727
5729
5729
5730
5730
5730
5732
5732
5733
5733
5735
5736
5736
5737
5738
5739
5740
5742
5742
5743
5743
5743
5744
5745
5746
5747
5747
5748
5748
5749
5749
5750
5750
5754
5755
5757
5757
5758
5761
5764
5764
5764
5764
5765
5765
5766
5770
5770
5771
5775
5775
5777
5784
5784
5784
5785
5785
5788
5789
5791
5792
5793
5795
5797
5797
5798
5798
5798
5799
5803
5803
5804
5804
5805
5805
5805
5806
5806
5808
5810
5810
5811
5811
5813
5813
5815
5817
5817
5818
5818
5823
5824
5824
5827
5827
5828
5830
5832
5833
5835
5835
5836
5837
5837
5842
5842
5843
5843
5844
5846
5846
5846
5846
5850
5851
5854
5855
5855
5855
5856
5857
5858
5858
5859
5861
5863
5865
5865
5866
5866
5866
5867
5867
5868
5868
5868
5868
5871
5874
5874
5877
5877
5878
5878
5879
5880
5881
5882
5884
5885
5886
5888
5889
5893
5893
5894
5894
5894
5896
5898
5899
5900
5900
5901
5902
5904
5904
5905
5905
5906
5906
5908
5908
5913
5913
5914
5916
5917
5918
5918
5918
5918
5919
5924
5924
5925
5928
5928
5929
5929
5929
5930
5930
5930
5933
5933
5935
5937
5939
5941
5941
5941
5941
5942
5942
5943
5943
5944
5947
5948
5948
5949
5950
5953
5955
5958
5958
5963
5963
5963
5964
5964
5964
5965
5967
5968
5969
5970
5970
5972
5972
5972
5972
5972
5973
5975
5975
5977
5980
5984
5984
5984
5986
5987
5988
5989
5989
5989
5991
5993
5994
5994
5995
5995
5995
5996
5996
5997
6000
6000
6001
6001
6001
6002
6005
6008
6010
6011
6012
6015
6017
6017
6018
6019
6020
6021
6022
6022
6023
6024
6026
6027
6027
6028
6028
6030
6030
6030
6032
6033
6035
6036
6036
6038
6038
6041
6042
6043
6044
6045
6045
6046
6047
6048
6050
6050
6052
6052
6052
6053
6055
6056
6056
6057
6057
6058
6062
6065
6066
6066
6067
6067
6069
6070
6071
6072
6073
6073
6073
6074
6075
6075
6076
6078
6078
6078
6079
6079
6079
6080
6084
6085
6086
6086
6087
6087
6088
6088
6089
6091
6093
6093
6094
6095
6095
6097
6098
6098
6100
6102
6104
6104
6105
6105
6108
6110
6113
6115
6116
6116
6116
6117
6117
6118
6119
6120
6123
6124
6126
6127
6127
6127
6128
6130
6130
6132
6132
6132
6133
6133
6135
6137
6139
6139
6141
6141
6144
6144
6144
6145
6145
6146
6146
6146
6147
6147
6149
6151
6151
6152
6153
6154
6154
6154
6155
6156
6159
6159
6159
6160
6160
6160
6163
6164
6166
6169
6169
6171
6173
6175
6175
6176
6178
6178
6179
6179
6179
6179
6179
6182
6182
6184
6187
6188
6189
6191
6191
6192
6192
6192
6193
6193
6195
6197
6198
6199
6200
6204
6204
6206
6207
6211
6211
6213
6213
6213
6214
6216
6216
6219
6220
6221
6222
6223
6224
6224
6225
6226
6226
6227
6228
6230
6230
6232
6233
6235
6235
6236
6236
6238
6239
6239
6240
6240
6241
6241
6241
6243
6247
6248
6248
6249
6249
6249
6249
6249
6251
6251
6251
6253
6259
6260
6260
6261
6262
6262
6263
6266
6267
6268
6269
6275
6276
6278
6279
6279
6279
6280
6282
6282
6283
6283
6284
6284
6285
6286
6287
6288
6289
6290
6290
6291
6295
6296
6297
6298
6299
6299
6301
6303
6307
6308
6310
6312
6312
6316
6316
6317
6317
6318
6319
6319
6320
6321
6321
6322
6323
6324
6325
6325
6325
6326
6326
6327
6329
6329
6329
6330
6330
6330
6333
6334
6338
6339
6341
6341
6343
6343
6344
6345
6347
6348
6349
6352
6354
6354
6355
6359
6362
6363
6364
6364
6368
6370
6371
6371
6372
6373
6374
6375
6377
6377
6379
6379
6381
6381
6381
6384
6384
6386
6387
6388
6388
6390
6390
6391
6392
6392
6393
6394
6394
6396
6397
6398
6399
6399
6399
6400
6402
6403
6403
6404
6405
6406
6407
6407
6409
6412
6414
6414
6415
6418
6418
6419
6420
6421
6421
6422
6423
6426
6426
6428
6428
6429
6429
6430
6431
6433
6434
6434
6439
6442
6443
6446
6446
6446
6447
6449
6451
6453
6453
6454
6454
6458
6458
6459
6459
6460
6460
6462
6463
6465
6466
6467
6467
6468
6468
6472
6473
6475
6477
6478
6479
6479
6481
6483
6485
6485
6486
6486
6489
6489
6493
6501
6501
6502
6505
6506
6507
6512
6512
6512
6513
6513
6514
6514
6514
6520
6522
6522
6523
6524
6524
6524
6524
6525
6527
6528
6529
6529
6529
6531
6535
6535
6535
6536
6536
6538
6538
6544
6544
6546
6546
6549
6549
6549
6552
6552
6552
6556
6556
6558
6560
6564
6566
6567
6570
6571
6573
6576
6577
6579
6583
6584
6585
6586
6586
6587
6587
6588
6589
6589
6591
6593
6596
6598
6599
6601
6602
6602
6604
6605
6606
6607
6608
6609
6609
6612
6613
6613
6614
6616
6617
6617
6617
6619
6620
6620
6620
6621
6624
6625
6627
6627
6627
6628
6628
6629
6630
6631
6633
6633
6633
6634
6635
6638
6640
6641
6641
6643
6643
6643
6644
6644
6647
6648
6648
6650
6651
6653
6655
6656
6658
6658
6660
6661
6662
6662
6663
6664
6666
6667
6668
6669
6675
6678
6679
6680
6682
6682
6683
6684
6685
6685
6687
6687
6687
6689
6689
6691
6693
6693
6693
6694
6694
6695
6695
6696
6699
6701
6703
6703
6703
6707
6709
6710
6711
6712
6712
6714
6715
6718
6718
6720
6721
6721
6722
6723
6724
6726
6728
6730
6730
6731
6731
6732
6732
6737
6737
6738
6739
6740
6741
6742
6742
6742
6749
6749
6749
6750
6750
6751
6751
6753
6753
6755
6757
6757
6757
6758
6759
6760
6763
6763
6764
6767
6768
6769
6769
6770
6771
6772
6774
6775
6776
6777
6777
6778
6778
6778
6779
6781
6782
6782
6782
6783
6784
6784
6785
6785
6786
6788
6788
6789
6790
6791
6792
6793
6793
6794
6797
6798
6799
6801
6803
6803
6805
6805
6805
6806
6808
6809
6809
6810
6811
6811
6812
6812
6812
6814
6815
6818
6819
6820
6823
6825
6828
6828
6829
6833
6836
6836
6839
6839
6841
6842
6842
6843
6843
6845
6846
6847
6847
6848
6848
6850
6851
6851
6851
6852
6853
6854
6859
6859
6860
6860
6860
6860
6866
6867
6867
6868
6869
6869
6871
6872
6873
6874
6875
6878
6879
6880
6880
6882
6882
6883
6884
6884
6885
6886
6887
6887
6888
6889
6891
6892
6893
6896
6897
6897
6898
6898
6901
6903
6903
6903
6905
6907
6908
6910
6910
6912
6913
6914
6914
6917
6920
6920
6921
6921
6922
6922
6923
6924
6926
6927
6928
6929
6931
6931
6931
6933
6936
6937
6937
6940
6940
6941
6942
6942
6944
6946
6947
6947
6947
6950
6952
6953
6954
6958
6959
6966
6967
6968
6968
6969
6969
6970
6971
6971
6971
6971
6972
6975
6977
6978
6979
6982
6982
6985
6986
6986
6986
6989
6989
6989
6991
6991
6992
6993
6993
6993
6993
6996
6998
6998
7000
7002
7003
7003
7004
7005
7006
7007
7007
7007
7008
7009
7009
7010
7011
7013
7014
7018
7024
7024
7028
7028
7028
7029
7029
7030
7030
7031
7032
7033
7034
7034
7035
7036
7037
7037
7038
7039
7040
7041
7042
7043
7044
7045
7045
7048
7049
7050
7051
7051
7055
7055
7056
7056
7057
7058
7058
7058
7058
7059
7060
7060
7060
7061
7061
7064
7064
7068
7068
7068
7069
7070
7071
7071
7075
7076
7077
7077
7078
7082
7084
7086
7086
7088
7088
7089
7089
7091
7091
7092
7093
7093
7093
7094
7095
7096
7098
7100
7100
7101
7104
7105
7105
7105
7106
7107
7109
7110
7112
7113
7113
7115
7117
7119
7119
7122
7122
7123
7123
7123
7124
7126
7126
7127
7127
7129
7129
7129
7132
7136
7136
7137
7137
7138
7138
7138
7139
7140
7140
7142
7142
7142
7142
7143
7144
7145
7145
7148
7148
7149
7150
7150
7151
7152
7153
7153
7153
7158
7160
7160
7161
7162
7162
7165
7168
7170
7170
7172
7172
7173
7174
7175
7176
7178
7178
7180
7181
7182
7182
7182
7185
7186
7186
7187
7188
7189
7189
7194
7195
7197
7197
7197
7198
7199
7200
7202
7202
7203
7203
7204
7205
7205
7205
7205
7206
7206
7207
7207
7208
7208
7214
7215
7215
7216
7219
7221
7221
7223
7225
7225
7225
7226
7230
7237
7239
7239
7241
7243
7243
7244
7244
7247
7247
7252
7253
7254
7254
7255
7255
7256
7259
7260
7262
7262
7262
7263
7263
7263
7265
7266
7267
7268
7272
7273
7273
7277
7277
7277
7279
7279
7279
7280
7281
7281
7282
7282
7283
7283
7287
7287
7290
7291
7291
7292
7294
7294
7298
7300
7300
7303
7304
7307
7308
7309
7309
7310
7310
7310
7316
7317
7317
7319
7319
7319
7320
7320
7321
7321
7322
7323
7323
7324
7325
7325
7325
7326
7326
7326
7328
7328
7330
7331
7332
7332
7332
7334
7335
7336
7338
7338
7338
7339
7339
7339
7341
7343
7343
7346
7347
7347
7351
7353
7354
7356
7356
7356
7358
7359
7362
7363
7363
7364
7364
7365
7366
7372
7373
7373
7374
7376
7376
7377
7378
7379
7379
7381
7385
7385
7385
7387
7390
7391
7391
7391
7392
7393
7394
7396
7396
7396
7399
7399
7403
7405
7405
7408
7408
7409
7410
7411
7412
7415
7416
7417
7419
7420
7421
7421
7423
7424
7424
7425
7425
7426
7432
7434
7434
7434
7435
7435
7435
7436
7440
7443
7443
7446
7446
7446
7446
7449
7450
7452
7452
7456
7457
7457
7457
7457
7458
7459
7459
7459
7461
7463
7463
7464
7465
7465
7466
7467
7468
7469
7469
7469
7469
7470
7470
7472
7473
7476
7476
7476
7481
7487
7487
7487
7487
7491
7493
7495
7495
7496
7496
7497
7498
7499
7499
7500
7502
7503
7503
7503
7506
7507
7508
7508
7510
7510
7511
7511
7511
7511
7513
7513
7514
7514
7516
7516
7516
7517
7519
7520
7521
7521
7522
7522
7524
7524
7525
7525
7526
7526
7527
7527
7528
7529
7532
7533
7537
7538
7539
7540
7542
7542
7542
7544
7545
7547
7547
7548
7549
7550
7551
7553
7554
7555
7555
7555
7559
7560
7561
7566
7566
7567
7571
7571
7571
7571
7573
7574
7574
7574
7575
7575
7576
7576
7576
7577
7577
7578
7579
7580
7580
7581
7581
7582
7584
7585
7585
7585
7587
7589
7589
7592
7593
7593
7594
7598
7599
7600
7601
7601
7603
7605
7605
7605
7606
7606
7607
7611
7611
7612
7613
7615
7616
7617
7617
7618
7618
7619
7620
7620
7624
7625
7627
7628
7628
7629
7635
7636
7639
7640
7640
7641
7642
7642
7643
7644
7646
7647
7647
7647
7649
7651
7654
7654
7655
7656
7656
7660
7660
7662
7663
7663
7663
7664
7672
7673
7674
7675
7676
7677
7677
7677
7678
7678
7680
7680
7681
7682
7684
7685
7685
7685
7688
7688
7689
7690
7691
7693
7694
7695
7696
7696
7696
7698
7698
7699
7700
7700
7703
7705
7705
7706
7708
7708
7710
7711
7711
7712
7713
7713
7718
7719
7719
7721
7721
7722
7725
7726
7727
7730
7731
7731
7732
7734
7736
7736
7737
7739
7741
7741
7742
7742
7742
7743
7743
7743
7744
7745
7745
7745
7747
7747
7748
7748
7749
7751
7753
7753
7754
7755
7755
7756
7756
7759
7759
7760
7761
7761
7762
7762
7762
7762
7764
7764
7765
7766
7767
7767
7770
7770
7773
7776
7780
7780
7781
7784
7784
7785
7786
7786
7789
7790
7791
7792
7793
7794
7794
7797
7799
7799
7799
7800
7800
7804
7805
7806
7807
7808
7808
7809
7809
7809
7811
7811
7815
7815
7816
7817
7817
7817
7820
7822
7822
7825
7826
7829
7829
7830
7830
7833
7833
7834
7834
7835
7835
7835
7837
7838
7839
7841
7842
7842
7845
7845
7846
7846
7847
7849
7851
7852
7854
7855
7855
7856
7856
7856
7856
7856
7857
7857
7858
7859
7860
7860
7861
7861
7865
7865
7866
7866
7870
7871
7871
7871
7872
7873
7873
7874
7876
7878
7879
7879
7879
7881
7881
7881
7882
7885
7886
7886
7887
7887
7887
7887
7888
7888
7888
7888
7890
7892
7895
7895
7895
7896
7900
7902
7903
7905
7905
7906
7906
7907
7908
7909
7911
7915
7915
7916
7916
7917
7917
7918
7918
7918
7918
7920
7920
7921
7925
7929
7930
7930
7933
7933
7935
7935
7936
7937
7939
7939
7939
7939
7940
7941
7942
7943
7943
7943
7945
7945
7948
7948
7949
7949
7950
7951
7952
7952
7952
7953
7953
7954
7954
7956
7958
7958
7958
7959
7962
7966
7967
7967
7968
7968
7971
7977
7977
7978
7978
7979
7979
7980
7981
7981
7981
7982
7982
7984
7984
7985
7985
7985
7986
7986
7987
7988
7989
7993
7995
7995
7995
7996
7996
7996
7999
7999
7999
8000
8000
8001
8003
8005
8006
8010
8010
8012
8012
8013
8014
8014
8014
8014
8016
8018
8018
8019
8020
8023
8024
8025
8026
8029
8030
8032
8033
8033
8033
8034
8034
8035
8037
8041
8041
8042
8044
8045
8045
8045
8046
8047
8048
8049
8049
8049
8050
8053
8054
8054
8055
8056
8056
8057
8057
8059
8060
8060
8060
8062
8064
8064
8064
8066
8068
8069
8069
8070
8075
8076
8076
8076
8078
8079
8081
8082
8084
8087
8087
8087
8088
8088
8089
8090
8090
8092
8092
8092
8094
8095
8095
8096
8097
8099
8099
8099
8100
8100
8100
8101
8101
8102
8104
8108
8108
8109
8110
8110
8111
8112
8112
8115
8115
8116
8116
8117
8118
8119
8121
8121
8121
8122
8122
8123
8124
8124
8124
8126
8126
8126
8127
8128
8130
8130
8130
8131
8131
8134
8135
8135
8135
8136
8137
8137
8137
8138
8141
8142
8144
8144
8145
8145
8145
8148
8149
8153
8154
8154
8156
8156
8157
8160
8161
8163
8167
8169
8175
8175
8177
8177
8179
8181
8181
8182
8183
8183
8184
8186
8186
8187
8189
8191
8191
8193
8194
8195
8196
8196
8196
8196
8198
8199
8199
8200
8201
8204
8205
8206
8207
8210
8211
8212
8212
8213
8214
8215
8216
8216
8218
8219
8219
8220
8220
8222
8222
8224
8225
8226
8227
8228
8228
8230
8230
8231
8231
8232
8236
8236
8237
8240
8241
8241
8242
8242
8243
8243
8243
8244
8245
8246
8248
8249
8250
8251
8253
8254
8255
8255
8259
8260
8261
8263
8263
8264
8265
8267
8268
8268
8268
8272
8273
8274
8275
8276
8279
8279
8280
8280
8280
8282
8284
8286
8288
8291
8292
8292
8293
8297
8299
8300
8301
8301
8302
8304
8305
8305
8305
8307
8308
8308
8310
8310
8310
8312
8313
8315
8317
8317
8318
8319
8319
8322
8322
8323
8325
8325
8327
8327
8328
8330
8332
8333
8335
8335
8336
8336
8336
8340
8344
8345
8346
8346
8347
8350
8354
8356
8356
8357
8358
8359
8359
8360
8362
8362
8363
8365
8366
8368
8369
8369
8372
8373
8373
8374
8374
8377
8378
8378
8379
8384
8385
8385
8387
8387
8389
8394
8395
8396
8398
8399
8399
8400
8400
8400
8402
8404
8406
8406
8406
8407
8407
8409
8409
8409
8410
8412
8415
8416
8416
8416
8417
8418
8418
8421
8424
8424
8424
8425
8426
8427
8427
8428
8428
8429
8431
8435
8436
8437
8442
8442
8442
8442
8443
8444
8446
8447
8448
8448
8449
8450
8452
8453
8456
8457
8458
8459
8461
8463
8464
8466
8467
8470
8470
8471
8473
8473
8475
8475
8477
8477
8481
8483
8484
8484
8485
8485
8485
8485
8489
8489
8491
8492
8492
8493
8494
8494
8495
8495
8498
8498
8500
8501
8501
8503
8506
8507
8507
8507
8508
8511
8512
8513
8514
8515
8515
8516
8516
8517
8517
8517
8517
8518
8519
8519
8519
8521
8523
8523
8524
8524
8525
8525
8526
8526
8528
8529
8529
8530
8530
8532
8533
8534
8536
8536
8537
8538
8539
8540
8541
8541
8545
8545
8546
8546
8546
8548
8550
8551
8552
8552
8552
8553
8556
8558
8559
8559
8560
8560
8561
8561
8563
8565
8566
8566
8566
8567
8569
8569
8569
8570
8570
8570
8570
8573
8573
8574
8574
8575
8575
8576
8580
8581
8581
8583
8584
8586
8587
8588
8588
8588
8589
8590
8591
8592
8595
8596
8596
8597
8597
8599
8600
8600
8602
8603
8603
8603
8604
8604
8609
8609
8610
8611
8612
8615
8615
8617
8617
8617
8619
8620
8622
8625
8625
8627
8628
8628
8631
8631
8632
8633
8633
8634
8635
8638
8639
8640
8641
8644
8644
8645
8647
8647
8650
8650
8650
8652
8652
8654
8656
8657
8657
8657
8657
8659
8660
8660
8661
8662
8663
8663
8666
8668
8668
8669
8674
8674
8677
8677
8677
8677
8678
8680
8682
8682
8682
8684
8684
8688
8689
8690
8693
8697
8700
8700
8701
8701
8703
8706
8706
8708
8708
8708
8710
8714
8715
8715
8717
8718
8718
8719
8719
8720
8720
8721
8722
8725
8725
8727
8727
8731
8734
8735
8738
8742
8742
8743
8743
8744
8745
8746
8746
8746
8747
8747
8747
8748
8749
8750
8751
8752
8752
8752
8753
8754
8755
8755
8756
8756
8756
8756
8758
8758
8758
8760
8760
8763
8763
8765
8765
8766
8768
8768
8769
8769
8770
8771
8774
8776
8776
8777
8780
8781
8782
8783
8784
8784
8784
8785
8785
8785
8788
8789
8789
8790
8791
8793
8794
8796
8797
8797
8797
8803
8805
8807
8807
8809
8811
8811
8812
8813
8813
8814
8815
8816
8816
8817
8817
8817
8819
8819
8820
8820
8821
8822
8824
8825
8825
8825
8827
8828
8829
8830
8830
8831
8831
8833
8834
8835
8835
8839
8840
8840
8841
8841
8842
8843
8844
8850
8853
8855
8855
8856
8856
8857
8859
8863
8863
8864
8866
8866
8867
8867
8868
8869
8872
8872
8874
8874
8875
8876
8877
8878
8881
8881
8886
8888
8889
8890
8893
8894
8895
8896
8896
8897
8899
8899
8900
8902
8902
8908
8909
8910
8910
8911
8916
8917
8917
8918
8920
8920
8921
8922
8923
8924
8925
8926
8927
8927
8928
8928
8928
8929
8929
8929
8934
8934
8935
8937
8939
8942
8944
8945
8945
8946
8946
8947
8949
8949
8952
8952
8953
8957
8957
8957
8958
8960
8960
8961
8962
8962
8965
8966
8966
8970
8972
8973
8975
8975
8976
8978
8980
8980
8986
8988
8988
8990
8991
8991
8992
8992
8993
8993
8994
8994
8995
8997
8997
8997
8998
8998
8999
8999
9001
9001
9001
9003
9004
9004
9006
9006
9006
9007
9008
9008
9010
9010
9012
9013
9016
9017
9020
9020
9021
9021
9023
9023
9024
9024
9025
9025
9035
9036
9037
9037
9039
9040
9040
9040
9040
9041
9041
9043
9043
9043
9045
9045
9049
9049
9050
9050
9050
9054
9055
9055
9057
9060
9064
9066
9068
9069
9069
9070
9071
9072
9072
9074
9077
9078
9078
9079
9080
9080
9080
9083
9084
9084
9084
9084
9084
9086
9088
9088
9089
9091
9092
9092
9093
9093
9095
9096
9098
9099
9100
9101
9101
9101
9105
9105
9106
9110
9111
9112
9112
9112
9112
9112
9113
9113
9114
9116
9119
9121
9121
9122
9123
9126
9127
9134
9134
9135
9136
9136
9136
9141
9141
9144
9145
9145
9145
9147
9147
9148
9150
9153
9153
9157
9159
9160
9160
9161
9162
9165
9165
9168
9168
9170
9171
9173
9174
9175
9177
9178
9179
9180
9180
9181
9181
9181
9182
9184
9184
9189
9192
9193
9194
9194
9195
9196
9196
9197
9197
9197
9197
9197
9199
9199
9199
9200
9203
9207
9208
9209
9211
9212
9212
9213
9213
9215
9216
9217
9217
9219
9219
9219
9219
9220
9221
9224
9224
9225
9227
9227
9227
9228
9231
9231
9232
9232
9232
9233
9234
9235
9236
9236
9237
9238
9238
9239
9240
9241
9244
9245
9247
9247
9247
9249
9249
9250
9251
9252
9253
9253
9254
9255
9255
9256
9259
9260
9260
9261
9263
9265
9266
9266
9267
9267
9268
9270
9275
9276
9277
9277
9277
9278
9279
9282
9283
9283
9283
9286
9287
9288
9288
9289
9289
9292
9293
9293
9296
9298
9301
9302
9303
9303
9306
9307
9308
9309
9310
9310
9311
9312
9312
9313
9314
9314
9317
9320
9320
9321
9322
9323
9324
9325
9325
9325
9326
9328
9329
9334
9334
9335
9336
9341
9343
9343
9343
9345
9346
9346
9347
9348
9348
9348
9349
9349
9350
9351
9352
9353
9353
9353
9353
9355
9355
9355
9356
9356
9358
9360
9361
9361
9361
9362
9363
9364
9365
9365
9367
9368
9368
9368
9370
9372
9376
9377
9377
9378
9380
9381
9381
9382
9384
9384
9385
9386
9387
9387
9387
9388
9388
9389
9389
9393
9395
9395
9396
9396
9396
9396
9397
9397
9401
9401
9401
9402
9405
9405
9406
9408
9411
9412
9413
9413
9415
9415
9415
9417
9418
9419
9423
9426
9427
9428
9429
9429
9433
9436
9436
9436
9438
9441
9441
9443
9443
9443
9444
9447
9447
9449
9450
9451
9452
9452
9452
9453
9454
9455
9456
9456
9459
9460
9461
9462
9464
9464
9464
9467
9467
9470
9471
9471
9472
9473
9475
9475
9476
9477
9478
9482
9484
9485
9486
9487
9488
9488
9494
9494
9494
9495
9497
9499
9499
9501
9503
9503
9505
9505
9505
9507
9509
9509
9510
9511
9511
9511
9512
9512
9514
9515
9515
9516
9516
9520
9521
9521
9523
9525
9525
9526
9527
9528
9529
9531
9533
9534
9535
9536
9537
9537
9538
9539
9543
9545
9545
9548
9548
9548
9552
9554
9554
9556
9557
9558
9559
9561
9562
9563
9565
9566
9567
9568
9568
9569
9569
9569
9570
9571
9572
9573
9575
9579
9580
9580
9580
9581
9582
9583
9585
9587
9587
9588
9590
9590
9593
9594
9596
9599
9600
9600
9605
9605
9606
9606
9607
9608
9615
9616
9616
9617
9618
9620
9622
9623
9626
9626
9628
9630
9630
9632
9635
9635
9635
9636
9639
9639
9641
9642
9642
9644
9644
9647
9648
9648
9650
9651
9652
9652
9655
9656
9658
9660
9660
9661
9664
9665
9666
9666
9667
9668
9670
9673
9673
9674
9675
9676
9676
9677
9679
9679
9679
9680
9680
9680
9682
9685
9687
9689
9690
9690
9691
9691
9692
9693
9694
9694
9694
9695
9697
9698
9698
9698
9699
9703
9705
9705
9709
9709
9710
9711
9711
9713
9714
9715
9716
9716
9716
9716
9717
9719
9720
9721
9722
9723
9724
9724
9731
9731
9733
9733
9733
9734
9735
9735
9736
9737
9738
9739
9739
9739
9740
9741
9742
9742
9742
9742
9744
9744
9749
9751
9751
9752
9752
9752
9753
9754
9758
9758
9758
9759
9760
9760
9762
9763
9764
9764
9765
9765
9765
9766
9768
9770
9770
9772
9772
9772
9774
9776
9776
9779
9779
9780
9780
9783
9787
9789
9790
9790
9790
9791
9791
9795
9797
9799
9799
9802
9804
9805
9806
9807
9807
9808
9808
9809
9809
9809
9811
9811
9811
9815
9816
9817
9817
9817
9818
9820
9822
9824
9825
9826
9827
9828
9831
9832
9832
9835
9835
9835
9836
9837
9839
9839
9839
9839
9842
9842
9843
9843
9844
9844
9844
9844
9847
9850
9850
9853
9853
9854
9854
9854
9857
9859
9859
9860
9861
9861
9861
9865
9867
9869
9871
9871
9872
9873
9873
9877
9878
9880
9880
9881
9881
9883
9885
9885
9887
9887
9889
9890
9891
9891
9891
9891
9893
9894
9894
9895
9897
9898
9898
9899
9899
9900
9901
9901
9902
9902
9904
9905
9907
9907
9908
9911
9912
9912
9913
9913
9914
9914
9916
9917
9917
9919
9920
9921
9926
9926
9929
9930
9930
9935
9935
9936
9937
9938
9942
9943
9943
9944
9944
9944
9946
9947
9948
9951
9951
9951
9953
9953
9955
9956
9956
9957
9958
9960
9960
9961
9963
9963
9963
9964
9966
9966
9967
9968
9969
9969
9970
9972
9974
9975
9975
9976
9978
9978
9979
9979
9980
9981
9983
9985
9987
9988
9989
9989
9990
9990
9990
9990
9990
9991
9994
9995
9995
9996
9997
9997
9998
