-1958451479
1
2
4
6
7
8
10
11
11
12
13
14
18
18
20
23
24
25
25
27
28
29
30
31
32
33
34
35
36
37
38
40
41
42
43
47
49
51
55
56
58
59
61
63
64
65
66
70
71
72
74
76
77
78
79
80
81
82
83
84
85
89
90
91
92
94
95
96
97
98
99
101
102
103
104
105
106
107
108
109
110
111
113
114
115
116
118
121
122
123
126
129
130
131
132
133
134
136
137
140
141
142
144
145
146
146
147
150
151
152
153
154
155
156
156
157
158
159
160
162
164
165
166
167
169
170
172
173
178
179
180
182
183
186
187
188
189
191
194
196
197
198
199
200
202
203
205
206
207
208
210
212
213
214
216
217
219
220
222
222
226
227
230
231
233
233
236
237
238
239
240
243
244
245
246
247
248
249
250
251
253
254
255
259
261
262
263
264
266
267
269
270
271
273
275
277
278
279
279
280
281
283
284
285
286
289
290
291
292
293
294
296
297
298
301
303
305
307
308
308
310
311
313
314
316
317
318
319
320
320
321
322
323
324
325
327
328
331
334
336
337
338
339
340
341
344
345
346
348
350
351
352
353
354
355
356
357
359
360
361
363
365
366
367
368
369
370
372
373
374
375
376
377
378
379
380
381
382
383
385
387
390
391
392
393
394
395
396
399
400
402
405
408
409
411
412
413
414
415
416
417
418
418
419
420
422
423
424
425
426
427
427
428
429
431
432
433
435
436
437
438
439
443
444
445
446
447
450
452
454
455
455
456
458
460
461
462
464
465
466
468
469
470
471
472
473
474
475
476
479
480
481
483
485
486
487
488
489
491
495
497
499
501
502
503
504
506
507
508
509
510
512
514
515
516
516
518
518
519
520
521
523
524
524
526
527
529
530
531
532
533
534
536
538
539
541
543
545
546
547
548
550
551
552
552
553
554
556
557
559
560
561
562
563
564
565
568
569
570
571
572
576
581
582
583
584
585
586
587
588
589
590
591
592
593
596
597
598
599
600
601
603
604
605
606
607
608
609
609
611
612
613
614
616
618
619
620
621
622
623
624
625
626
627
628
629
630
632
633
634
635
636
638
639
641
642
643
645
649
651
653
654
655
656
656
657
658
660
663
665
667
669
670
671
673
674
676
677
678
679
680
687
688
689
690
691
692
693
694
695
696
697
698
699
700
702
703
705
706
708
710
711
712
714
714
715
716
717
720
721
722
723
725
726
727
729
730
731
733
734
735
736
737
738
738
740
742
742
743
744
745
746
747
748
749
750
752
753
754
755
756
759
761
762
765
766
767
768
769
772
773
774
776
777
779
780
782
782
782
783
783
784
785
786
787
788
789
791
792
793
794
795
796
797
798
800
803
804
805
806
812
813
814
815
817
818
819
820
821
822
824
825
825
826
827
828
829
830
831
832
833
835
836
837
838
839
839
840
841
842
843
844
845
846
847
848
848
849
850
851
853
854
854
855
856
858
859
862
864
865
867
868
869
870
871
872
874
875
876
878
879
880
882
883
884
885
886
887
888
889
890
891
892
893
895
896
898
899
903
904
905
906
908
909
911
912
913
914
916
918
919
920
921
922
923
924
925
927
928
931
932
934
935
936
939
940
941
942
943
944
945
947
948
949
950
951
952
954
955
956
957
959
962
963
965
966
967
968
969
970
973
974
976
977
978
979
980
981
982
984
985
986
987
990
991
992
993
994
995
996
997
998
999
1064
1071
1072
1097
1135
1169
1188
1211
1225
1245
1255
1285
1332
1334
1411
1462
1540
1594
1604
1621
1647
1650
1673
1749
1788
1847
1871
1920
1922
1924
1927
1971
1986
2007
2019
2151
2197
2240
2253
2270
2271
2273
2323
2337
2369
2434
2463
2538
2571
2589
2592
2602
2604
2610
2662
2858
2864
2911
2916
2962
2980
2984
2990
2990
3096
3104
3195
3212
3281
3342
3365
3414
3448
3492
3518
3526
3536
3549
3581
3590
3591
3704
3722
3723
3797
3841
3863
3892
3967
4012
4049
4071
4089
4131
4236
4245
4258
4296
4299
4330
4344
4374
4403
4432
4465
4466
4528
4585
4653
4783
4784
4809
4860
4901
4907
4954
5004
5021
5023
5075
5081
5109
5191
5235
5257
5283
5350
5399
5418
5419
5450
5455
5488
5634
5635
5698
5706
5743
5784
5973
5984
6026
6088
6093
6094
6105
6119
6151
6192
6240
6279
6460
6486
6501
6524
6531
6564
6587
6641
6730
6833
6841
6847
6887
6947
7029
7035
7038
7041
7059
7140
7142
7149
7188
7194
7207
7221
7262
7263
7300
7308
7309
7317
7328
7356
7376
7378
7381
7419
7465
7574
7581
7620
7655
7696
7741
7789
7866
7872
7873
7886
7915
7949
8099
8101
8108
8130
8210
8265
8406
8452
8485
8525
8546
8569
8758
8769
8784
8827
8986
8992
9006
9122
9240
9251
9255
9266
9320
9334
9353
9355
9393
9569
9665
9676
9744
9752
9790
9809
9828
9843
9844
9901
9916
9929
9935
