-1958442343
8
11
12
12
18
25
33
37
44
61
75
83
93
94
110
118
129
138
146
151
156
163
190
201
211
222
224
226
233
234
234
236
236
251
262
273
277
279
279
280
312
320
323
325
334
360
387
388
412
413
417
418
423
433
435
435
455
462
466
474
482
499
504
510
514
516
518
521
526
531
538
538
552
584
596
602
602
604
616
620
641
645
652
656
658
676
689
694
698
705
712
714
714
719
733
736
738
742
743
753
769
782
782
783
794
800
803
804
808
822
823
825
826
853
854
859
920
948
973
996
999
1007
1012
1014
1064
1064
1071
1072
1097
1135
1139
1142
1145
1162
1167
1177
1185
1188
1191
1202
1206
1211
1225
1245
1247
1250
1250
1255
1265
1283
1285
1292
1292
1296
1301
1306
1308
1312
1332
1334
1349
1358
1368
1371
1386
1389
1398
1401
1411
1434
1444
1447
1462
1469
1516
1541
1542
1561
1564
1569
1570
1590
1594
1604
1606
1616
1621
1631
1634
1643
1644
1647
1648
1650
1663
1673
1683
1694
1712
1716
1747
1749
1751
1751
1753
1756
1764
1777
1781
1797
1831
1832
1835
1847
1849
1854
1871
1895
1899
1900
1920
1920
1924
1926
1952
1957
1960
1966
1968
1971
1985
1986
1987
1996
2005
2007
2009
2016
2019
2021
2057
2081
2089
2090
2093
2094
2098
2109
2131
2136
2143
2144
2148
2151
2162
2163
2174
2180
2198
2209
2211
2215
2220
2223
2237
2238
2240
2244
2247
2247
2253
2263
2270
2276
2323
2323
2337
2345
2345
2347
2351
2353
2353
2361
2369
2372
2372
2385
2417
2421
2428
2433
2433
2434
2434
2441
2466
2493
2505
2508
2538
2545
2565
2573
2582
2589
2591
2592
2601
2602
2603
2604
2610
2611
2612
2616
2629
2649
2649
2673
2675
2688
2696
2711
2713
2715
2720
2721
2729
2735
2739
2754
2766
2775
2799
2851
2854
2864
2869
2873
2874
2875
2877
2891
2903
2916
2924
2925
2938
2938
2960
2962
2963
2966
2980
2984
2986
2990
2990
3004
3020
3021
3023
3029
3037
3063
3075
3096
3104
3110
3130
3133
3161
3195
3197
3197
3212
3250
3264
3273
3281
3289
3311
3312
3316
3319
3323
3328
3342
3344
3358
3359
3363
3365
3373
3386
3398
3414
3422
3448
3464
3479
3492
3500
3518
3526
3536
3549
3550
3551
3564
3574
3581
3585
3588
3590
3593
3608
3625
3636
3650
3666
3675
3700
3704
3714
3722
3723
3729
3734
3764
3765
3777
3778
3784
3784
3788
3797
3806
3812
3838
3841
3862
3863
3874
3892
3922
3926
3930
3945
3955
3967
3970
3975
3995
4002
4005
4012
4049
4063
4074
4092
4108
4121
4131
4146
4164
4196
4228
4245
4255
4258
4259
4265
4267
4279
4296
4299
4303
4310
4317
4330
4334
4335
4335
4350
4353
4374
4382
4403
4414
4432
4435
4442
4446
4446
4462
4465
4466
4471
4514
4521
4527
4528
4585
4585
4638
4639
4643
4653
4663
4668
4682
4719
4737
4757
4757
4783
4799
4800
4806
4809
4819
4835
4860
4889
4901
4914
4918
4920
4926
4929
4954
4967
4990
5004
5009
5010
5013
5021
5023
5041
5046
5075
5081
5084
5096
5103
5109
5111
5120
5134
5140
5151
5166
5170
5188
5199
5201
5208
5215
5235
5239
5239
5254
5256
5257
5280
5283
5283
5293
5308
5325
5349
5356
5387
5399
5418
5432
5434
5442
5444
5450
5455
5488
5499
5536
5540
5565
5578
5586
5603
5610
5610
5627
5634
5635
5656
5666
5688
5698
5706
5713
5722
5722
5730
5740
5784
5878
5904
5908
5918
5930
5941
5942
5950
5973
5996
5996
6020
6026
6030
6047
6057
6057
6067
6079
6087
6088
6093
6097
6105
6116
6117
6119
6120
6128
6151
6151
6159
6160
6166
6179
6182
6192
6193
6195
6213
6221
6225
6228
6240
6241
6249
6253
6262
6269
6279
6285
6301
6319
6326
6330
6343
6390
6393
6394
6399
6412
6414
6422
6458
6460
6467
6485
6501
6501
6506
6524
6531
6535
6535
6544
6549
6552
6564
6587
6602
6608
6621
6627
6641
6662
6685
6694
6701
6712
6730
6738
6755
6759
6768
6789
6828
6841
6868
6878
6883
6887
6891
6913
6942
6950
6952
6966
6986
6986
6993
7029
7040
7041
7050
7059
7086
7093
7106
7112
7122
7129
7139
7140
7142
7149
7168
7181
7182
7194
7207
7221
7225
7262
7263
7279
7279
7300
7308
7309
7309
7317
7323
7328
7339
7376
7378
7381
7411
7419
7457
7465
7469
7476
7487
7497
7507
7525
7542
7547
7555
7559
7577
7585
7593
7601
7603
7611
7618
7620
7647
7655
7656
7656
7660
7673
7676
7685
7691
7695
7696
7705
7745
7781
7789
7815
7816
7833
7842
7856
7866
7872
7873
7879
7886
7887
7887
7949
7954
7958
7978
7987
7999
8001
8026
8054
8056
8060
8084
8099
8101
8108
8116
8121
8128
8130
8196
8206
8210
8230
8236
8263
8265
8297
8325
8336
8336
8344
8359
8400
8402
8407
8426
8429
8431
8442
8446
8452
8471
8493
8494
8519
8519
8524
8525
8533
8546
8548
8552
8556
8558
8569
8569
8570
8581
8596
8615
8619
8634
8644
8645
8654
8656
8657
8663
8719
8727
8746
8746
8752
8758
8769
8784
8803
8809
8827
8835
8841
8886
8896
8928
8929
8945
8949
8957
8960
8965
8970
8986
8991
8991
8992
8993
9006
9010
9071
9079
9105
9116
9122
9136
9147
9160
9181
9184
9194
9197
9199
9215
9219
9228
9232
9251
9255
9259
9266
9267
9277
9283
9288
9292
9293
9310
9324
9328
9334
9343
9353
9353
9355
9355
9372
9386
9388
9393
9401
9428
9429
9436
9473
9497
9514
9516
9548
9568
9569
9580
9596
9605
9606
9623
9630
9632
9642
9665
9670
9676
9685
9687
9698
9716
9719
9724
9735
9742
9744
9752
9753
9760
9772
9790
9791
9795
9809
9817
9828
9844
9847
9860
9885
9890
9891
9891
9900
9901
9913
9935
9956
9958
9963
9966
9974
