0
0
1
1
2
4
4
4
5
5
6
6
6
7
8
9
10
10
11
11
12
12
13
14
14
14
16
18
19
20
21
22
23
24
25
26
27
27
29
30
31
32
32
33
34
35
36
36
37
37
38
39
40
40
41
41
42
42
43
43
44
44
46
46
47
47
48
49
49
50
51
52
53
53
55
55
55
56
57
58
58
59
60
60
61
63
63
64
67
68
69
69
72
73
74
75
76
77
78
78
79
81
81
82
84
85
86
88
91
91
91
92
92
93
93
94
95
96
97
97
97
99
101
101
103
104
104
105
106
108
108
109
110
113
114
115
117
118
119
120
120
120
122
123
124
124
124
127
127
127
130
130
132
133
134
135
137
137
138
139
140
140
142
142
143
143
144
145
146
147
148
148
149
149
150
151
152
152
154
154
155
155
155
156
156
157
158
160
161
162
163
164
165
165
166
167
168
169
170
172
175
176
177
178
180
180
180
181
181
182
183
184
184
184
186
188
188
188
188
190
191
192
192
193
194
196
197
200
201
201
202
203
203
205
207
208
208
209
209
210
211
211
212
214
215
216
219
220
221
222
223
224
225
226
228
228
229
230
231
232
234
234
236
237
238
240
240
241
242
245
246
246
246
247
248
249
249
250
250
251
252
253
254
255
255
256
256
260
260
261
262
263
264
264
265
265
265
267
268
268
269
270
270
271
274
275
276
277
279
280
282
283
284
285
286
291
292
294
295
296
296
297
298
299
301
301
303
304
305
306
308
309
311
311
312
312
312
313
314
315
316
316
317
318
319
320
321
322
323
325
327
328
329
329
330
331
332
333
336
339
340
341
343
344
344
345
346
349
350
350
352
353
354
354
355
356
359
359
360
360
361
364
367
368
369
371
372
372
373
373
375
377
378
379
380
381
381
382
383
383
385
386
386
387
388
390
390
392
393
394
396
399
399
400
400
402
403
403
404
404
405
407
407
408
409
410
411
412
414
416
416
417
417
418
419
420
420
421
422
424
426
428
428
429
429
430
431
432
432
434
436
436
438
438
439
440
441
442
442
443
444
446
447
448
448
449
450
451
452
452
453
454
455
456
456
457
458
460
460
461
464
465
467
468
469
470
473
473
474
476
477
478
478
478
479
479
480
481
482
482
483
484
484
485
486
487
488
488
490
491
495
496
497
497
498
499
500
501
502
502
503
504
505
506
507
509
512
513
514
514
515
516
517
518
518
520
520
522
524
525
525
525
526
528
529
530
531
532
532
532
534
534
534
535
536
537
538
539
540
543
545
545
546
548
549
550
550
550
554
554
555
556
557
558
558
558
558
559
560
561
562
565
565
568
569
569
571
573
574
574
575
576
576
577
580
581
584
584
585
586
587
587
588
589
590
591
592
593
594
594
595
595
595
596
597
599
600
600
601
602
602
603
603
604
604
605
606
607
607
609
610
612
613
614
615
616
616
617
617
619
619
620
620
620
621
622
623
624
625
627
628
629
631
631
631
632
633
633
634
635
635
637
638
639
640
641
642
645
646
647
647
647
647
648
649
649
651
652
653
654
655
655
657
657
658
658
658
659
660
661
662
662
663
663
663
664
664
666
666
666
667
668
668
670
671
672
673
674
674
675
676
678
679
681
682
684
685
686
686
687
687
688
689
690
691
692
693
694
694
695
697
697
698
699
700
700
701
702
703
704
705
705
706
707
708
709
710
711
712
716
717
718
719
720
724
725
725
727
727
728
731
732
732
733
734
734
736
737
737
739
740
740
741
742
743
744
744
746
747
748
749
750
750
750
751
752
753
753
754
756
757
758
758
759
760
761
763
764
766
767
768
768
769
770
774
774
775
776
777
777
777
778
778
780
781
782
783
784
786
787
788
788
789
790
790
791
792
793
794
795
797
798
801
801
803
804
805
807
808
809
809
810
812
813
814
815
816
816
817
817
818
820
820
821
822
822
824
825
827
828
828
829
829
829
830
831
833
834
835
836
837
838
840
840
841
842
844
845
846
846
847
848
849
850
851
852
854
855
855
856
856
857
858
860
861
861
862
863
865
866
867
869
869
870
870
872
873
873
874
875
876
876
877
878
878
879
879
880
881
881
881
882
883
884
886
887
888
889
889
890
891
892
894
894
895
896
897
897
898
900
902
902
903
905
905
906
907
908
909
909
910
911
912
913
913
914
915
916
918
919
920
921
922
922
923
924
926
927
927
930
931
932
933
934
936
937
938
940
941
942
943
946
947
948
949
950
950
951
951
952
954
955
956
957
957
958
959
960
962
962
963
963
963
964
966
967
968
968
968
969
970
970
971
972
974
974
977
979
980
981
984
987
987
989
990
992
993
994
994
996
997
999
1000
1001
1001
1002
1003
1003
1004
1004
1005
1006
1007
1007
1008
1008
1010
1011
1012
1013
1014
1016
1016
1018
1018
1019
1020
1021
1022
1022
1025
1025
1026
1028
1028
1029
1029
1030
1031
1032
1033
1033
1035
1036
1036
1037
1038
1039
1041
1042
1043
1044
1045
1045
1046
1046
1047
1047
1048
1048
1048
1050
1050
1051
1052
1053
1053
1054
1055
1057
1058
1058
1059
1060
1062
1064
1065
1066
1067
1068
1069
1071
1072
1073
1073
1074
1075
1076
1077
1078
1079
1080
1081
1081
1082
1083
1083
1084
1085
1085
1086
1089
1089
1089
1090
1091
1092
1092
1097
1098
1099
1100
1101
1102
1103
1104
1105
1106
1107
1108
1108
1109
1110
1112
1112
1113
1114
1115
1116
1116
1117
1118
1119
1120
1121
1122
1122
1123
1123
1124
1124
1124
1125
1125
1126
1127
1128
1128
1129
1129
1130
1131
1134
1135
1136
1138
1139
1140
1143
1143
1143
1144
1145
1147
1149
1149
1149
1150
1150
1151
1151
1152
1152
1153
1153
1155
1156
1157
1160
1161
1162
1163
1163
1164
1165
1167
1168
1168
1168
1169
1169
1170
1171
1172
1172
1173
1174
1175
1175
1177
1178
1179
1180
1181
1182
1182
1184
1186
1187
1187
1188
1189
1191
1192
1194
1195
1196
1199
1200
1202
1203
1203
1204
1205
1206
1206
1208
1211
1211
1212
1213
1214
1215
1216
1217
1217
1217
1218
1218
1218
1219
1220
1221
1221
1222
1223
1226
1227
1228
1228
1228
1229
1231
1232
1233
1234
1234
1234
1236
1238
1239
1239
1240
1241
1241
1242
1243
1244
1246
1248
1249
1250
1250
1251
1252
1252
1253
1254
1255
1256
1257
1257
1258
1259
1259
1261
1261
1262
1262
1263
1264
1265
1266
1268
1268
1268
1268
1270
1270
1271
1272
1272
1272
1273
1277
1278
1279
1280
1280
1281
1282
1282
1283
1285
1286
1288
1289
1290
1291
1292
1293
1294
1296
1296
1296
1296
1297
1298
1299
1300
1301
1302
1303
1306
1308
1308
1308
1309
1309
1310
1310
1311
1312
1312
1313
1314
1316
1316
1317
1318
1318
1319
1322
1324
1325
1327
1327
1328
1330
1330
1331
1333
1334
1337
1338
1339
1340
1341
1343
1343
1344
1345
1346
1346
1347
1349
1350
1351
1352
1352
1353
1353
1355
1355
1356
1357
1357
1358
1359
1360
1360
1362
1362
1363
1363
1363
1364
1364
1366
1368
1369
1370
1370
1373
1373
1374
1375
1376
1376
1377
1381
1381
1382
1382
1383
1384
1384
1385
1386
1387
1389
1389
1391
1392
1393
1393
1394
1395
1396
1398
1399
1400
1400
1401
1402
1403
1404
1405
1405
1406
1408
1408
1409
1410
1411
1413
1414
1415
1416
1417
1418
1418
1418
1419
1420
1421
1422
1423
1424
1425
1425
1427
1428
1429
1430
1431
1431
1431
1431
1431
1432
1433
1433
1434
1435
1435
1436
1437
1438
1440
1442
1445
1446
1447
1448
1449
1450
1450
1451
1451
1452
1453
1453
1454
1454
1455
1456
1457
1458
1458
1459
1460
1460
1462
1463
1464
1466
1466
1467
1469
1470
1471
1471
1473
1473
1473
1474
1475
1476
1477
1478
1478
1479
1479
1479
1481
1481
1482
1483
1485
1486
1488
1489
1490
1490
1492
1493
1494
1494
1495
1496
1497
1498
1499
1499
1500
1502
1504
1504
1505
1505
1506
1508
1508
1508
1509
1510
1510
1510
1511
1511
1511
1512
1513
1514
1514
1515
1516
1516
1517
1517
1518
1519
1520
1520
1521
1522
1523
1524
1524
1525
1526
1526
1527
1528
1529
1529
1530
1531
1532
1533
1534
1535
1536
1536
1537
1539
1540
1543
1543
1544
1545
1545
1546
1547
1548
1549
1549
1552
1553
1554
1554
1555
1556
1557
1557
1557
1558
1559
1560
1561
1562
1563
1564
1564
1565
1566
1568
1569
1571
1572
1574
1574
1576
1576
1576
1578
1578
1578
1581
1582
1582
1584
1585
1586
1587
1587
1587
1590
1590
1591
1591
1591
1592
1593
1593
1594
1596
1596
1596
1597
1598
1598
1599
1600
1601
1602
1603
1604
1605
1606
1607
1607
1608
1610
1613
1613
1613
1614
1615
1616
1617
1618
1619
1620
1620
1622
1622
1623
1625
1625
1627
1629
1630
1632
1633
1634
1636
1637
1639
1640
1641
1642
1643
1643
1644
1645
1646
1647
1650
1652
1654
1654
1655
1655
1656
1657
1658
1658
1659
1661
1664
1664
1665
1666
1667
1668
1668
1669
1670
1670
1671
1672
1673
1673
1674
1674
1676
1676
1677
1677
1678
1679
1680
1681
1681
1682
1683
1684
1685
1685
1686
1687
1687
1688
1689
1689
1689
1690
1690
1690
1692
1693
1693
1693
1694
1695
1697
1698
1698
1699
1701
1702
1703
1704
1705
1706
1707
1709
1709
1710
1711
1712
1713
1714
1715
1716
1717
1718
1720
1720
1722
1724
1725
1726
1727
1727
1728
1728
1729
1730
1731
1732
1732
1733
1734
1735
1735
1736
1737
1738
1738
1740
1741
1742
1743
1744
1744
1744
1745
1745
1746
1747
1748
1749
1750
1752
1754
1756
1757
1758
1760
1762
1763
1764
1765
1766
1767
1768
1770
1772
1773
1773
1774
1775
1776
1778
1779
1779
1779
1780
1781
1781
1783
1783
1783
1783
1784
1785
1785
1785
1785
1786
1787
1788
1789
1789
1790
1791
1793
1793
1793
1794
1795
1795
1796
1797
1798
1798
1800
1801
1803
1804
1804
1804
1806
1807
1807
1807
1808
1809
1810
1811
1811
1812
1814
1815
1816
1817
1817
1818
1821
1822
1822
1824
1825
1825
1825
1826
1827
1827
1827
1828
1829
1829
1831
1832
1832
1834
1834
1836
1838
1838
1839
1840
1841
1842
1844
1845
1846
1847
1849
1849
1850
1851
1852
1852
1853
1854
1855
1855
1857
1857
1858
1858
1859
1860
1861
1862
1863
1865
1865
1866
1867
1868
1869
1870
1871
1871
1872
1873
1874
1875
1877
1877
1878
1878
1879
1879
1880
1881
1881
1883
1884
1885
1887
1888
1889
1890
1891
1891
1892
1893
1893
1895
1896
1896
1896
1897
1897
1898
1899
1900
1901
1902
1903
1904
1906
1907
1907
1908
1909
1910
1911
1912
1914
1915
1916
1917
1917
1918
1919
1920
1920
1921
1921
1922
1922
1923
1923
1924
1924
1925
1926
1927
1928
1930
1931
1931
1932
1933
1934
1935
1935
1936
1936
1937
1938
1939
1940
1941
1942
1942
1943
1944
1945
1945
1946
1948
1949
1950
1951
1953
1953
1955
1956
1957
1958
1960
1960
1961
1961
1961
1962
1964
1964
1965
1967
1968
1969
1969
1970
1971
1971
1972
1973
1974
1974
1974
1975
1976
1977
1977
1979
1979
1980
1980
1981
1981
1982
1983
1983
1984
1985
1986
1986
1987
1987
1989
1990
1991
1991
1992
1993
1996
1997
1997
1997
1998
1999
2002
2002
2003
2005
2007
2007
2008
2009
2010
2012
2012
2013
2014
2015
2015
2016
2017
2018
2019
2020
2021
2023
2024
2028
2030
2030
2031
2032
2033
2034
2034
2035
2036
2037
2038
2039
2039
2043
2043
2044
2045
2045
2049
2051
2052
2052
2053
2054
2054
2055
2055
2055
2058
2058
2058
2059
2059
2060
2062
2063
2063
2064
2065
2066
2068
2069
2070
2070
2073
2075
2076
2076
2077
2077
2079
2080
2081
2082
2082
2083
2084
2085
2086
2087
2087
2089
2090
2092
2092
2093
2094
2095
2096
2096
2097
2098
2098
2099
2099
2100
2101
2102
2104
2105
2105
2106
2106
2107
2108
2108
2109
2111
2112
2112
2115
2115
2116
2117
2117
2118
2118
2118
2120
2121
2121
2122
2123
2123
2126
2126
2128
2129
2130
2131
2131
2132
2133
2133
2134
2134
2135
2138
2138
2143
2143
2144
2145
2148
2149
2150
2152
2153
2153
2154
2156
2156
2158
2158
2159
2159
2160
2161
2162
2162
2162
2164
2165
2166
2166
2166
2169
2170
2170
2171
2173
2174
2175
2175
2175
2176
2176
2177
2181
2181
2183
2183
2184
2185
2186
2186
2187
2189
2190
2194
2194
2195
2196
2197
2198
2199
2200
2200
2201
2203
2205
2206
2207
2208
2209
2211
2212
2212
2213
2214
2215
2215
2216
2217
2218
2218
2219
2219
2220
2220
2222
2223
2223
2224
2225
2226
2227
2228
2229
2230
2230
2231
2232
2232
2233
2235
2237
2238
2239
2240
2241
2242
2244
2245
2246
2247
2247
2248
2249
2250
2252
2253
2253
2254
2254
2257
2257
2259
2261
2262
2263
2266
2267
2268
2269
2269
2271
2272
2273
2274
2276
2277
2278
2279
2280
2281
2282
2283
2283
2284
2285
2287
2288
2289
2290
2291
2292
2294
2296
2297
2299
2299
2300
2300
2301
2301
2302
2303
2304
2305
2305
2308
2309
2310
2311
2313
2314
2317
2317
2319
2320
2321
2323
2323
2324
2326
2327
2329
2330
2331
2332
2333
2334
2335
2335
2336
2338
2339
2340
2340
2341
2342
2342
2342
2343
2344
2346
2347
2348
2349
2349
2350
2351
2352
2353
2356
2357
2360
2361
2363
2364
2365
2365
2366
2367
2369
2370
2370
2371
2372
2373
2374
2375
2376
2377
2378
2379
2381
2382
2382
2383
2384
2387
2388
2389
2389
2390
2391
2391
2392
2393
2394
2394
2394
2394
2396
2396
2397
2397
2399
2399
2401
2402
2403
2403
2404
2404
2405
2406
2408
2408
2408
2409
2411
2412
2412
2413
2414
2415
2416
2416
2416
2417
2419
2420
2420
2423
2425
2426
2427
2427
2429
2430
2431
2431
2431
2432
2432
2432
2433
2434
2435
2437
2439
2439
2440
2441
2442
2443
2444
2446
2447
2447
2449
2449
2450
2452
2455
2455
2456
2458
2458
2459
2461
2462
2464
2465
2466
2467
2469
2470
2471
2471
2474
2477
2477
2478
2479
2479
2480
2481
2482
2483
2484
2485
2485
2485
2486
2486
2487
2488
2488
2489
2489
2491
2492
2493
2494
2495
2496
2497
2497
2498
2500
2501
2502
2504
2505
2506
2507
2508
2509
2510
2511
2513
2513
2513
2514
2515
2516
2517
2517
2518
2519
2520
2521
2522
2523
2524
2524
2525
2525
2526
2526
2527
2527
2529
2530
2531
2532
2533
2535
2535
2536
2537
2539
2539
2540
2541
2542
2543
2544
2545
2546
2547
2547
2548
2548
2548
2548
2549
2550
2550
2552
2552
2553
2554
2555
2557
2557
2558
2559
2560
2563
2563
2565
2567
2568
2570
2572
2572
2573
2574
2575
2577
2579
2581
2581
2581
2581
2582
2584
2585
2585
2586
2588
2590
2592
2592
2594
2594
2595
2596
2598
2599
2600
2603
2604
2605
2606
2608
2609
2610
2611
2612
2612
2613
2613
2614
2616
2616
2618
2619
2622
2623
2625
2626
2627
2628
2628
2629
2630
2631
2632
2633
2634
2635
2636
2636
2637
2638
2639
2641
2642
2644
2645
2645
2646
2646
2647
2647
2648
2649
2650
2651
2653
2654
2655
2658
2659
2660
2660
2661
2661
2661
2662
2663
2665
2666
2667
2667
2668
2669
2670
2670
2671
2673
2674
2674
2675
2676
2676
2676
2677
2678
2678
2680
2681
2681
2683
2684
2684
2685
2686
2687
2688
2691
2691
2692
2693
2694
2695
2698
2699
2700
2701
2702
2703
2703
2704
2707
2707
2707
2708
2708
2709
2710
2710
2711
2711
2712
2715
2715
2716
2717
2717
2719
2720
2721
2722
2723
2723
2724
2725
2726
2728
2729
2730
2731
2733
2733
2734
2735
2735
2736
2736
2739
2739
2739
2739
2741
2742
2744
2744
2746
2746
2747
2747
2747
2748
2748
2748
2749
2750
2751
2752
2752
2753
2754
2755
2755
2756
2756
2756
2757
2759
2760
2762
2763
2764
2765
2766
2767
2769
2772
2773
2774
2775
2775
2776
2777
2778
2779
2780
2783
2783
2784
2785
2785
2786
2789
2790
2791
2793
2794
2794
2795
2796
2797
2798
2798
2799
2801
2802
2803
2804
2805
2806
2807
2809
2810
2811
2812
2812
2812
2812
2813
2815
2816
2817
2817
2818
2819
2821
2822
2825
2826
2827
2828
2829
2830
2831
2831
2832
2833
2834
2834
2836
2837
2838
2839
2839
2840
2841
2842
2843
2844
2845
2846
2846
2847
2848
2852
2852
2854
2855
2856
2857
2858
2858
2859
2860
2861
2861
2863
2864
2865
2866
2866
2867
2870
2870
2872
2873
2874
2876
2877
2878
2879
2879
2881
2882
2884
2886
2887
2888
2889
2890
2890
2891
2891
2892
2893
2893
2894
2896
2897
2898
2898
2900
2901
2902
2903
2904
2906
2906
2907
2909
2910
2910
2911
2911
2911
2912
2913
2914
2915
2917
2918
2918
2920
2922
2923
2925
2926
2927
2927
2927
2928
2929
2929
2930
2931
2932
2933
2933
2935
2939
2942
2943
2944
2945
2946
2947
2948
2949
2950
2951
2951
2953
2954
2955
2957
2958
2958
2958
2958
2958
2959
2960
2961
2962
2963
2964
2964
2965
2965
2966
2967
2968
2969
2969
2970
2970
2972
2973
2976
2977
2978
2979
2983
2984
2985
2985
2986
2986
2986
2987
2988
2989
2990
2991
2992
2993
2993
2993
2995
2996
2998
2999
3000
3002
3003
3005
3006
3006
3007
3008
3009
3010
3010
3011
3011
3013
3013
3014
3015
3016
3019
3020
3022
3023
3024
3025
3027
3028
3028
3029
3029
3030
3031
3031
3033
3033
3033
3034
3036
3038
3039
3040
3042
3043
3044
3044
3046
3047
3049
3050
3051
3053
3054
3055
3057
3058
3058
3059
3060
3061
3062
3063
3065
3067
3068
3069
3070
3071
3073
3074
3076
3076
3077
3078
3079
3080
3082
3083
3084
3085
3088
3090
3090
3091
3092
3092
3093
3094
3095
3096
3097
3098
3099
3099
3100
3101
3102
3103
3105
3105
3106
3107
3108
3109
3110
3110
3111
3112
3113
3114
3115
3115
3116
3117
3118
3119
3119
3120
3121
3122
3123
3124
3126
3128
3129
3130
3132
3133
3134
3135
3135
3136
3137
3137
3137
3140
3142
3143
3145
3147
3147
3147
3148
3149
3151
3151
3152
3153
3154
3154
3155
3155
3156
3157
3158
3158
3159
3160
3162
3163
3164
3164
3165
3167
3168
3169
3170
3170
3171
3172
3173
3174
3175
3176
3177
3177
3178
3179
3181
3183
3183
3185
3186
3187
3188
3189
3189
3191
3192
3193
3193
3193
3193
3194
3194
3195
3196
3196
3197
3197
3198
3198
3200
3201
3202
3204
3205
3205
3206
3207
3208
3209
3211
3212
3215
3216
3217
3218
3220
3220
3221
3222
3222
3224
3225
3226
3227
3228
3229
3230
3232
3233
3234
3236
3236
3237
3237
3239
3239
3240
3241
3242
3243
3244
3245
3248
3249
3250
3251
3252
3253
3255
3256
3256
3257
3258
3259
3259
3259
3260
3261
3262
3263
3264
3265
3266
3266
3267
3268
3269
3272
3272
3273
3274
3274
3275
3276
3277
3278
3278
3278
3279
3280
3280
3281
3283
3285
3286
3286
3286
3287
3288
3289
3289
3291
3292
3293
3294
3295
3296
3298
3298
3299
3299
3301
3302
3303
3304
3305
3308
3309
3310
3312
3313
3314
3314
3315
3317
3318
3319
3319
3320
3322
3324
3325
3326
3327
3327
3330
3330
3332
3333
3334
3335
3335
3336
3337
3338
3339
3339
3340
3341
3342
3343
3344
3344
3345
3346
3347
3348
3349
3349
3350
3351
3352
3353
3355
3356
3357
3359
3361
3362
3363
3364
3365
3366
3366
3367
3368
3370
3370
3371
3372
3374
3375
3376
3377
3378
3378
3380
3381
3381
3383
3384
3385
3388
3389
3390
3391
3392
3393
3396
3397
3398
3399
3400
3403
3405
3407
3407
3407
3409
3411
3413
3414
3415
3415
3415
3416
3417
3418
3420
3421
3422
3424
3424
3427
3427
3428
3428
3429
3430
3431
3433
3434
3437
3438
3439
3439
3440
3441
3443
3444
3447
3448
3450
3451
3452
3454
3455
3456
3457
3458
3459
3461
3461
3462
3463
3464
3466
3467
3468
3470
3470
3471
3472
3473
3475
3475
3476
3477
3478
3480
3482
3484
3485
3486
3487
3489
3489
3490
3490
3490
3491
3492
3493
3498
3499
3502
3502
3505
3507
3507
3508
3509
3510
3511
3512
3515
3517
3518
3520
3521
3522
3523
3524
3525
3525
3526
3527
3528
3529
3530
3530
3531
3532
3534
3536
3538
3539
3541
3542
3542
3543
3546
3546
3547
3548
3549
3549
3549
3550
3552
3553
3554
3556
3557
3558
3559
3561
3562
3563
3564
3564
3565
3566
3568
3569
3570
3573
3575
3577
3577
3578
3579
3579
3580
3581
3582
3583
3583
3585
3586
3586
3586
3586
3587
3588
3589
3590
3590
3591
3592
3594
3595
3598
3598
3600
3601
3602
3603
3605
3605
3606
3607
3607
3608
3609
3610
3610
3611
3612
3613
3615
3617
3619
3620
3621
3622
3622
3622
3623
3624
3625
3627
3627
3627
3628
3629
3629
3630
3631
3631
3632
3633
3634
3635
3635
3636
3637
3638
3638
3638
3639
3639
3640
3640
3641
3641
3642
3643
3644
3644
3645
3647
3648
3649
3650
3650
3653
3654
3655
3655
3656
3656
3657
3658
3659
3660
3661
3663
3663
3664
3664
3664
3665
3668
3668
3669
3670
3672
3672
3673
3674
3675
3676
3677
3677
3679
3681
3681
3683
3684
3684
3685
3686
3687
3687
3687
3690
3691
3692
3692
3693
3693
3695
3696
3697
3698
3698
3699
3700
3701
3702
3702
3703
3704
3705
3705
3706
3707
3707
3708
3709
3710
3712
3713
3713
3714
3715
3715
3716
3717
3718
3718
3720
3720
3721
3721
3723
3723
3725
3726
3728
3729
3730
3730
3730
3731
3734
3734
3736
3737
3740
3741
3742
3744
3745
3745
3745
3747
3747
3748
3749
3750
3752
3753
3754
3755
3755
3756
3757
3758
3759
3760
3761
3763
3765
3765
3766
3766
3767
3768
3768
3769
3770
3770
3771
3773
3773
3775
3777
3778
3778
3778
3779
3779
3780
3781
3782
3783
3783
3784
3784
3785
3785
3786
3787
3787
3789
3791
3793
3793
3794
3795
3796
3798
3798
3799
3800
3801
3801
3801
3802
3803
3803
3805
3806
3807
3807
3808
3808
3809
3811
3811
3812
3814
3814
3815
3816
3817
3818
3821
3822
3825
3826
3827
3829
3830
3831
3832
3833
3834
3835
3836
3836
3837
3839
3840
3841
3842
3843
3843
3844
3844
3845
3846
3848
3848
3849
3850
3851
3851
3852
3852
3853
3854
3854
3855
3856
3857
3859
3859
3860
3863
3864
3865
3866
3867
3867
3868
3869
3870
3872
3873
3874
3875
3876
3877
3878
3878
3881
3882
3882
3883
3884
3885
3886
3886
3886
3887
3888
3889
3891
3892
3894
3896
3897
3897
3898
3899
3899
3900
3901
3902
3903
3903
3904
3904
3905
3906
3907
3909
3910
3910
3912
3913
3915
3915
3916
3916
3917
3918
3919
3921
3922
3923
3924
3925
3927
3927
3928
3928
3930
3932
3932
3933
3933
3934
3934
3935
3936
3936
3937
3938
3939
3940
3940
3944
3945
3947
3948
3949
3950
3952
3953
3953
3954
3955
3956
3958
3959
3961
3962
3963
3963
3964
3965
3965
3965
3966
3968
3968
3968
3968
3970
3973
3975
3975
3976
3978
3979
3979
3981
3983
3985
3987
3988
3990
3991
3992
3994
3996
3997
3997
3999
4000
4001
4003
4005
4006
4006
4006
4007
4008
4009
4010
4011
4012
4014
4015
4015
4017
4017
4020
4022
4024
4025
4027
4028
4029
4030
4031
4032
4033
4034
4036
4038
4039
4041
4042
4042
4043
4044
4046
4046
4046
4047
4047
4049
4051
4052
4052
4053
4054
4055
4056
4057
4058
4058
4058
4060
4060
4060
4060
4061
4062
4063
4064
4065
4065
4066
4067
4072
4074
4076
4077
4078
4079
4080
4081
4082
4083
4083
4084
4086
4087
4088
4088
4089
4090
4091
4091
4093
4094
4095
4096
4096
4097
4097
4097
4098
4098
4098
4099
4099
4100
4100
4101
4101
4102
4103
4103
4104
4105
4106
4107
4108
4108
4108
4109
4110
4112
4114
4115
4115
4116
4117
4117
4119
4121
4123
4123
4124
4124
4125
4126
4127
4131
4132
4132
4133
4133
4133
4134
4135
4135
4136
4137
4137
4138
4139
4140
4142
4143
4144
4146
4147
4148
4149
4149
4150
4151
4152
4153
4154
4156
4158
4159
4161
4163
4164
4166
4167
4168
4169
4170
4171
4173
4174
4175
4178
4179
4180
4181
4182
4182
4183
4183
4184
4184
4184
4185
4186
4188
4189
4189
4190
4192
4194
4194
4195
4196
4197
4197
4198
4199
4200
4201
4203
4204
4207
4207
4208
4209
4210
4211
4212
4213
4213
4214
4215
4216
4216
4217
4218
4219
4221
4222
4224
4225
4226
4227
4227
4228
4228
4229
4230
4230
4231
4232
4233
4235
4236
4237
4238
4239
4240
4241
4242
4242
4243
4244
4245
4246
4247
4248
4250
4251
4251
4252
4253
4253
4254
4255
4256
4257
4258
4259
4259
4260
4261
4261
4261
4262
4262
4263
4265
4266
4267
4268
4270
4272
4273
4273
4274
4275
4276
4276
4276
4277
4277
4278
4280
4281
4282
4284
4285
4285
4286
4286
4290
4290
4291
4293
4294
4295
4295
4297
4297
4298
4299
4299
4300
4301
4301
4302
4303
4305
4305
4306
4307
4308
4310
4311
4312
4313
4313
4314
4315
4316
4316
4317
4317
4318
4319
4319
4320
4321
4321
4322
4323
4324
4325
4326
4326
4327
4328
4330
4331
4331
4332
4334
4337
4338
4339
4340
4341
4343
4344
4345
4346
4347
4348
4349
4350
4352
4353
4354
4355
4356
4357
4360
4361
4363
4365
4366
4368
4369
4369
4370
4371
4371
4371
4372
4372
4373
4374
4374
4378
4379
4380
4382
4385
4387
4387
4388
4389
4390
4391
4392
4393
4395
4396
4397
4399
4400
4401
4402
4403
4404
4406
4407
4407
4408
4409
4410
4411
4413
4414
4415
4417
4418
4419
4420
4421
4422
4422
4423
4423
4424
4425
4426
4427
4428
4429
4429
4430
4431
4432
4433
4434
4435
4436
4437
4437
4438
4438
4439
4440
4442
4444
4444
4446
4447
4448
4449
4451
4452
4453
4454
4455
4455
4456
4456
4457
4457
4458
4459
4459
4460
4462
4463
4464
4464
4465
4465
4466
4467
4468
4469
4469
4469
4470
4470
4470
4471
4471
4472
4472
4475
4476
4476
4476
4478
4479
4480
4481
4483
4484
4485
4486
4487
4489
4489
4491
4492
4495
4496
4498
4499
4503
4504
4505
4506
4506
4508
4509
4510
4511
4511
4512
4513
4514
4515
4516
4517
4517
4518
4519
4520
4522
4522
4522
4524
4524
4525
4527
4527
4527
4528
4529
4531
4533
4534
4535
4536
4537
4539
4540
4542
4543
4544
4547
4548
4549
4551
4551
4553
4553
4553
4557
4557
4558
4559
4560
4560
4561
4562
4563
4563
4564
4565
4566
4567
4570
4571
4571
4571
4572
4572
4573
4573
4574
4575
4576
4577
4578
4579
4580
4580
4583
4583
4584
4585
4587
4588
4588
4588
4589
4591
4592
4593
4597
4598
4598
4598
4599
4601
4601
4603
4605
4607
4608
4609
4610
4613
4614
4615
4616
4617
4617
4618
4619
4620
4622
4623
4624
4625
4626
4627
4628
4629
4630
4631
4633
4633
4634
4636
4636
4637
4638
4639
4641
4642
4643
4644
4645
4645
4646
4648
4649
4649
4650
4653
4654
4654
4655
4657
4657
4659
4661
4662
4664
4665
4666
4667
4668
4669
4670
4670
4670
4672
4673
4674
4676
4678
4678
4680
4681
4682
4683
4684
4684
4686
4686
4686
4687
4688
4688
4689
4690
4691
4694
4695
4696
4696
4696
4697
4697
4698
4700
4701
4702
4703
4704
4704
4705
4707
4707
4708
4709
4709
4709
4710
4712
4713
4714
4714
4714
4716
4717
4718
4719
4719
4720
4721
4721
4722
4723
4724
4725
4726
4727
4728
4729
4731
4732
4732
4733
4733
4734
4735
4736
4737
4737
4737
4738
4739
4740
4740
4741
4742
4743
4744
4745
4748
4749
4749
4750
4751
4754
4755
4756
4758
4759
4760
4761
4761
4762
4763
4764
4765
4766
4766
4768
4769
4769
4770
4771
4772
4774
4775
4775
4775
4777
4777
4778
4780
4781
4782
4783
4787
4788
4789
4791
4791
4792
4793
4794
4794
4796
4796
4799
4800
4801
4801
4802
4802
4804
4809
4810
4811
4812
4813
4814
4816
4816
4817
4818
4819
4819
4822
4823
4824
4825
4826
4826
4827
4828
4829
4830
4830
4833
4834
4835
4837
4838
4839
4841
4842
4843
4843
4844
4846
4846
4847
4848
4848
4849
4851
4852
4853
4854
4855
4856
4856
4857
4858
4859
4860
4862
4863
4864
4864
4864
4866
4867
4867
4868
4869
4869
4869
4871
4871
4873
4874
4875
4877
4878
4879
4881
4881
4882
4884
4885
4885
4886
4887
4888
4891
4892
4894
4895
4897
4897
4897
4899
4900
4900
4901
4901
4902
4903
4903
4904
4904
4905
4908
4909
4910
4911
4912
4913
4914
4915
4916
4918
4919
4921
4924
4926
4927
4927
4928
4928
4930
4932
4932
4933
4934
4935
4936
4938
4939
4940
4940
4941
4942
4943
4943
4944
4944
4944
4945
4947
4948
4950
4951
4952
4952
4952
4953
4954
4954
4955
4956
4958
4960
4960
4961
4961
4962
4963
4965
4966
4967
4967
4968
4968
4969
4970
4971
4971
4971
4972
4974
4974
4975
4976
4977
4978
4979
4980
4981
4981
4983
4984
4985
4985
4987
4988
4989
4990
4990
4991
4992
4993
4994
4994
4995
4996
4998
4998
4999
5000
5001
5001
5002
5003
5003
5004
5005
5006
5006
5007
5008
5009
5010
5011
5012
5015
5017
5020
5021
5023
5024
5025
5026
5027
5027
5028
5029
5030
5031
5032
5033
5033
5034
5035
5036
5039
5040
5041
5042
5044
5047
5048
5049
5049
5050
5050
5051
5051
5052
5053
5054
5055
5056
5057
5059
5059
5061
5062
5062
5063
5063
5064
5064
5065
5067
5068
5069
5070
5071
5072
5073
5074
5075
5075
5076
5076
5077
5078
5080
5080
5081
5082
5083
5083
5084
5085
5085
5086
5087
5090
5091
5091
5091
5092
5093
5094
5095
5096
5097
5098
5099
5100
5101
5102
5103
5104
5104
5105
5105
5106
5106
5109
5110
5111
5112
5113
5114
5115
5116
5117
5118
5118
5119
5119
5119
5121
5122
5124
5127
5127
5128
5128
5128
5129
5130
5131
5132
5133
5134
5136
5137
5139
5141
5141
5142
5142
5145
5147
5148
5150
5151
5152
5153
5153
5154
5154
5155
5155
5155
5156
5157
5158
5160
5161
5162
5163
5164
5167
5169
5169
5171
5172
5172
5173
5173
5174
5176
5177
5178
5179
5179
5180
5183
5184
5185
5186
5186
5187
5188
5188
5190
5191
5191
5192
5194
5195
5196
5196
5197
5200
5201
5203
5204
5205
5207
5208
5209
5210
5211
5212
5213
5214
5215
5216
5218
5219
5222
5223
5226
5228
5229
5229
5232
5232
5233
5234
5237
5238
5239
5239
5241
5242
5243
5243
5244
5246
5246
5247
5247
5248
5250
5251
5251
5252
5254
5254
5256
5256
5257
5257
5258
5259
5261
5263
5264
5264
5264
5265
5266
5266
5267
5267
5268
5269
5270
5271
5272
5273
5274
5275
5276
5277
5277
5279
5281
5282
5283
5284
5285
5286
5287
5288
5289
5290
5290
5291
5291
5292
5293
5293
5294
5295
5295
5295
5295
5296
5296
5296
5297
5298
5300
5301
5301
5304
5305
5306
5307
5308
5310
5311
5312
5314
5315
5316
5316
5317
5317
5319
5320
5321
5322
5323
5324
5325
5326
5326
5327
5328
5329
5329
5330
5331
5332
5334
5334
5337
5338
5338
5339
5340
5341
5343
5344
5345
5346
5347
5347
5348
5349
5350
5352
5354
5355
5356
5356
5358
5358
5359
5360
5363
5364
5365
5366
5367
5367
5368
5369
5370
5370
5371
5372
5373
5376
5377
5377
5378
5378
5379
5380
5381
5382
5383
5385
5386
5386
5387
5388
5389
5390
5392
5393
5394
5395
5396
5399
5400
5401
5401
5402
5403
5404
5405
5406
5407
5408
5409
5410
5411
5411
5412
5413
5414
5415
5416
5416
5417
5417
5418
5419
5420
5420
5421
5422
5423
5423
5425
5426
5427
5428
5430
5432
5432
5434
5434
5434
5435
5437
5437
5438
5440
5440
5441
5441
5443
5445
5446
5447
5447
5448
5449
5450
5451
5451
5452
5453
5454
5455
5456
5456
5459
5461
5462
5464
5465
5466
5467
5467
5468
5468
5468
5469
5470
5471
5472
5472
5473
5474
5475
5475
5476
5476
5477
5478
5479
5481
5482
5482
5484
5486
5487
5487
5488
5489
5489
5490
5491
5491
5492
5493
5494
5495
5495
5496
5497
5498
5498
5499
5500
5501
5501
5502
5503
5504
5505
5506
5508
5509
5510
5511
5513
5515
5515
5516
5517
5518
5518
5518
5519
5520
5521
5522
5523
5524
5526
5527
5528
5529
5529
5531
5531
5532
5532
5533
5534
5534
5535
5536
5536
5537
5538
5538
5540
5541
5542
5543
5544
5545
5547
5548
5549
5550
5553
5554
5554
5556
5557
5559
5561
5562
5563
5564
5565
5565
5566
5567
5568
5569
5569
5570
5572
5572
5573
5574
5574
5575
5576
5577
5579
5579
5580
5580
5581
5582
5582
5583
5584
5585
5586
5586
5587
5589
5590
5591
5592
5593
5594
5594
5595
5596
5597
5597
5598
5599
5600
5601
5602
5603
5604
5604
5605
5606
5607
5609
5611
5613
5614
5619
5620
5622
5625
5626
5626
5627
5628
5629
5631
5632
5633
5634
5636
5637
5637
5638
5638
5639
5640
5641
5643
5644
5644
5645
5646
5646
5647
5648
5649
5650
5651
5651
5652
5653
5654
5655
5655
5658
5658
5659
5660
5661
5661
5664
5664
5665
5666
5667
5668
5669
5670
5671
5673
5673
5674
5677
5680
5681
5681
5682
5684
5685
5686
5687
5687
5689
5690
5691
5693
5694
5694
5696
5696
5699
5701
5702
5703
5704
5705
5707
5708
5710
5713
5713
5713
5714
5715
5716
5716
5717
5719
5720
5721
5721
5723
5723
5723
5723
5724
5726
5728
5728
5729
5729
5730
5731
5732
5733
5733
5733
5735
5735
5736
5738
5739
5740
5741
5743
5744
5745
5746
5747
5748
5749
5750
5751
5753
5754
5756
5757
5758
5758
5759
5761
5762
5764
5765
5766
5768
5769
5770
5772
5773
5774
5774
5775
5776
5777
5778
5778
5779
5781
5781
5782
5783
5784
5784
5784
5784
5785
5787
5788
5789
5791
5792
5793
5793
5793
5794
5794
5796
5796
5796
5798
5800
5801
5801
5802
5803
5804
5805
5806
5806
5806
5807
5808
5809
5810
5813
5814
5815
5815
5816
5816
5817
5817
5819
5820
5820
5821
5823
5824
5825
5825
5826
5828
5828
5830
5831
5832
5833
5833
5834
5836
5837
5838
5839
5840
5841
5843
5844
5846
5847
5850
5851
5851
5852
5854
5855
5856
5856
5857
5858
5858
5859
5860
5861
5861
5862
5863
5864
5865
5866
5866
5867
5868
5869
5869
5870
5871
5873
5873
5875
5877
5878
5878
5879
5881
5883
5884
5885
5886
5886
5886
5887
5888
5889
5891
5892
5899
5900
5901
5903
5905
5906
5906
5907
5908
5909
5910
5911
5912
5912
5912
5913
5913
5915
5918
5919
5919
5920
5923
5924
5924
5926
5927
5928
5929
5930
5931
5932
5933
5934
5935
5936
5937
5940
5940
5941
5942
5944
5945
5946
5947
5948
5949
5950
5950
5952
5953
5954
5955
5955
5956
5957
5958
5959
5962
5963
5964
5965
5966
5966
5966
5968
5970
5971
5971
5972
5974
5975
5976
5978
5978
5979
5979
5980
5982
5983
5984
5986
5987
5988
5989
5991
5991
5992
5993
5994
5994
5995
5996
5997
6001
6002
6002
6002
6003
6004
6006
6008
6009
6010
6011
6012
6013
6014
6014
6015
6016
6018
6019
6020
6021
6022
6022
6023
6024
6029
6031
6032
6033
6034
6036
6038
6039
6039
6041
6043
6044
6046
6047
6049
6051
6052
6053
6054
6055
6058
6058
6059
6060
6061
6062
6062
6063
6065
6065
6067
6068
6068
6069
6069
6070
6071
6071
6072
6073
6074
6076
6077
6078
6081
6082
6083
6083
6084
6085
6086
6088
6089
6092
6092
6093
6094
6094
6095
6096
6099
6100
6101
6102
6103
6104
6104
6105
6106
6107
6109
6109
6110
6111
6112
6112
6113
6114
6114
6114
6115
6117
6118
6119
6121
6122
6123
6124
6126
6127
6128
6129
6130
6131
6132
6133
6134
6135
6136
6137
6137
6138
6139
6140
6141
6141
6144
6144
6145
6145
6146
6147
6151
6152
6153
6153
6154
6154
6155
6156
6156
6157
6158
6159
6160
6161
6163
6164
6165
6165
6166
6166
6166
6167
6168
6169
6169
6170
6171
6171
6172
6173
6173
6174
6174
6176
6177
6177
6179
6179
6180
6181
6181
6182
6183
6184
6185
6186
6187
6188
6188
6188
6190
6191
6191
6192
6195
6196
6197
6198
6199
6200
6200
6201
6203
6205
6206
6207
6207
6208
6211
6212
6213
6214
6215
6217
6217
6219
6221
6222
6222
6224
6225
6226
6226
6227
6229
6230
6232
6233
6234
6235
6236
6237
6237
6238
6239
6240
6241
6242
6244
6245
6246
6246
6247
6248
6249
6250
6251
6252
6252
6252
6253
6254
6255
6256
6258
6260
6263
6266
6267
6267
6268
6269
6272
6273
6274
6275
6276
6277
6278
6279
6280
6281
6282
6284
6285
6288
6290
6291
6291
6293
6294
6295
6297
6297
6298
6300
6301
6303
6304
6306
6308
6311
6312
6313
6314
6315
6316
6319
6319
6321
6322
6326
6327
6329
6330
6331
6333
6334
6334
6335
6336
6337
6338
6339
6340
6341
6342
6343
6344
6345
6346
6347
6347
6348
6351
6351
6352
6353
6353
6353
6354
6354
6355
6357
6358
6358
6359
6360
6360
6360
6361
6361
6361
6361
6362
6362
6363
6363
6365
6366
6367
6368
6369
6369
6369
6371
6374
6375
6376
6380
6382
6383
6384
6384
6386
6387
6387
6388
6389
6391
6392
6393
6394
6396
6397
6398
6399
6399
6400
6401
6402
6403
6405
6406
6406
6407
6408
6409
6409
6410
6410
6411
6412
6413
6415
6416
6418
6419
6420
6421
6422
6424
6425
6426
6427
6427
6427
6428
6429
6431
6434
6435
6437
6438
6439
6442
6443
6444
6444
6446
6447
6448
6449
6450
6451
6452
6453
6454
6455
6456
6456
6457
6457
6459
6460
6461
6465
6466
6467
6468
6469
6470
6470
6471
6472
6472
6473
6474
6476
6477
6477
6477
6478
6479
6479
6480
6480
6481
6482
6483
6484
6484
6485
6486
6489
6489
6490
6491
6491
6492
6493
6494
6495
6496
6496
6497
6497
6498
6499
6500
6500
6501
6502
6503
6504
6505
6505
6506
6506
6507
6507
6508
6509
6509
6509
6510
6510
6511
6512
6512
6514
6516
6517
6518
6519
6521
6521
6522
6523
6524
6524
6525
6526
6529
6530
6533
6535
6536
6537
6539
6542
6543
6543
6545
6547
6548
6549
6550
6551
6552
6553
6553
6554
6554
6555
6556
6558
6558
6558
6560
6560
6561
6561
6562
6562
6563
6564
6565
6566
6567
6569
6570
6570
6571
6571
6571
6572
6573
6574
6574
6575
6575
6579
6581
6582
6582
6583
6584
6584
6585
6586
6587
6588
6588
6589
6590
6591
6592
6593
6594
6595
6596
6597
6597
6598
6598
6601
6602
6604
6606
6606
6606
6607
6608
6609
6611
6612
6613
6614
6616
6618
6619
6620
6621
6621
6623
6624
6625
6625
6625
6626
6627
6628
6629
6631
6632
6633
6634
6635
6635
6636
6636
6636
6637
6638
6639
6639
6639
6640
6640
6642
6642
6643
6644
6645
6646
6647
6649
6651
6651
6652
6654
6655
6656
6657
6658
6659
6659
6660
6661
6662
6663
6664
6665
6666
6667
6668
6668
6669
6670
6671
6672
6675
6676
6677
6678
6679
6680
6681
6681
6682
6683
6686
6686
6687
6688
6689
6693
6693
6694
6695
6696
6696
6697
6699
6700
6701
6702
6703
6703
6704
6704
6706
6706
6707
6708
6708
6710
6711
6711
6712
6713
6714
6714
6715
6716
6716
6717
6718
6719
6720
6720
6721
6722
6723
6724
6725
6726
6726
6727
6728
6729
6730
6731
6733
6733
6734
6734
6735
6736
6737
6738
6738
6739
6740
6741
6743
6745
6747
6750
6751
6752
6753
6754
6755
6758
6760
6761
6761
6761
6762
6763
6764
6765
6766
6768
6769
6769
6770
6770
6771
6771
6773
6773
6773
6774
6775
6776
6780
6780
6781
6781
6782
6783
6784
6784
6785
6786
6787
6788
6789
6789
6791
6792
6792
6793
6793
6795
6796
6796
6796
6797
6797
6798
6799
6802
6803
6804
6804
6806
6808
6809
6809
6810
6811
6812
6812
6812
6813
6814
6814
6816
6816
6817
6818
6820
6821
6822
6823
6824
6825
6826
6827
6828
6828
6828
6829
6830
6832
6835
6836
6837
6837
6839
6840
6841
6843
6844
6844
6845
6846
6847
6848
6850
6851
6853
6854
6855
6859
6860
6861
6862
6863
6864
6865
6866
6867
6868
6869
6871
6872
6873
6873
6874
6875
6876
6877
6881
6882
6883
6885
6885
6887
6888
6889
6890
6890
6891
6892
6892
6893
6893
6895
6896
6898
6898
6898
6900
6901
6902
6903
6906
6907
6907
6910
6911
6912
6913
6915
6915
6916
6918
6919
6919
6920
6921
6922
6923
6924
6926
6926
6927
6928
6929
6930
6931
6931
6931
6932
6934
6935
6936
6936
6937
6938
6939
6940
6942
6943
6944
6944
6945
6947
6948
6950
6951
6952
6953
6954
6954
6955
6956
6957
6958
6958
6959
6960
6961
6966
6968
6969
6970
6971
6972
6973
6973
6974
6975
6976
6976
6977
6977
6978
6979
6981
6982
6983
6984
6985
6986
6988
6989
6990
6991
6992
6993
6994
6994
6994
6995
6997
7000
7001
7007
7010
7011
7012
7013
7015
7016
7017
7018
7019
7020
7021
7022
7023
7024
7024
7025
7026
7029
7030
7031
7032
7034
7035
7037
7038
7039
7039
7039
7040
7043
7044
7045
7046
7047
7048
7049
7050
7051
7052
7053
7054
7055
7056
7057
7057
7061
7063
7066
7067
7068
7069
7070
7071
7072
7076
7077
7078
7078
7079
7079
7080
7081
7082
7082
7083
7086
7087
7088
7088
7089
7091
7092
7094
7095
7096
7097
7098
7099
7099
7100
7101
7101
7102
7104
7105
7107
7107
7108
7109
7110
7111
7112
7113
7114
7115
7116
7117
7118
7119
7120
7120
7121
7124
7125
7126
7127
7128
7129
7130
7131
7131
7132
7133
7133
7133
7134
7135
7137
7138
7138
7140
7140
7140
7141
7142
7143
7144
7145
7146
7147
7148
7148
7148
7149
7150
7153
7154
7154
7155
7156
7157
7158
7158
7159
7159
7160
7160
7161
7162
7163
7164
7166
7167
7168
7168
7170
7172
7172
7173
7174
7175
7176
7177
7177
7178
7178
7179
7179
7181
7182
7183
7185
7186
7187
7187
7187
7188
7188
7189
7191
7191
7192
7193
7193
7194
7195
7196
7196
7197
7198
7200
7201
7201
7202
7202
7205
7207
7208
7209
7210
7211
7212
7213
7214
7215
7218
7218
7219
7219
7220
7220
7220
7221
7221
7221
7222
7223
7224
7228
7228
7229
7231
7232
7233
7235
7236
7237
7238
7239
7240
7240
7241
7242
7244
7245
7246
7247
7248
7249
7250
7251
7252
7253
7254
7255
7257
7258
7260
7262
7262
7264
7265
7266
7267
7267
7268
7269
7271
7271
7271
7272
7273
7275
7276
7277
7277
7279
7280
7281
7283
7284
7286
7287
7288
7289
7290
7291
7292
7292
7293
7295
7295
7297
7297
7298
7300
7300
7301
7302
7304
7305
7306
7307
7307
7308
7308
7308
7309
7310
7311
7311
7313
7313
7314
7315
7317
7318
7318
7319
7319
7320
7321
7321
7323
7324
7326
7328
7328
7329
7330
7331
7332
7333
7334
7334
7335
7336
7339
7339
7340
7341
7342
7343
7344
7345
7345
7346
7348
7349
7350
7351
7352
7354
7355
7355
7356
7357
7357
7358
7359
7361
7362
7362
7363
7364
7364
7364
7365
7366
7367
7367
7367
7368
7369
7371
7372
7373
7375
7375
7376
7377
7378
7379
7379
7381
7382
7383
7384
7385
7385
7386
7388
7389
7390
7391
7391
7391
7393
7394
7395
7396
7397
7398
7399
7401
7401
7402
7404
7404
7404
7406
7407
7410
7410
7410
7411
7412
7413
7414
7416
7417
7418
7419
7420
7421
7424
7425
7425
7426
7427
7427
7428
7429
7429
7429
7430
7430
7431
7432
7433
7434
7435
7435
7435
7435
7436
7436
7436
7437
7438
7439
7440
7440
7442
7444
7444
7446
7447
7448
7449
7451
7452
7453
7454
7455
7455
7456
7456
7456
7457
7458
7458
7459
7460
7460
7460
7462
7464
7465
7466
7467
7468
7468
7468
7469
7470
7471
7472
7473
7474
7476
7478
7479
7480
7481
7483
7483
7484
7485
7487
7488
7488
7488
7489
7491
7491
7494
7497
7497
7498
7498
7499
7500
7501
7501
7502
7503
7503
7505
7507
7509
7510
7511
7512
7513
7514
7515
7516
7517
7521
7522
7524
7527
7528
7529
7531
7531
7532
7533
7534
7535
7536
7537
7537
7538
7539
7540
7541
7542
7543
7544
7545
7546
7547
7548
7550
7551
7552
7552
7553
7555
7555
7556
7556
7558
7559
7560
7562
7563
7564
7566
7567
7568
7569
7570
7572
7575
7575
7576
7578
7579
7579
7579
7580
7583
7584
7585
7585
7587
7588
7589
7589
7590
7591
7592
7593
7594
7594
7595
7596
7596
7597
7598
7599
7600
7600
7601
7604
7604
7605
7606
7609
7613
7614
7614
7615
7616
7617
7618
7619
7620
7621
7621
7622
7623
7624
7625
7626
7627
7628
7628
7629
7630
7631
7632
7633
7634
7635
7635
7638
7640
7641
7642
7645
7647
7648
7649
7649
7650
7650
7652
7653
7654
7656
7657
7657
7658
7661
7662
7662
7663
7663
7663
7664
7665
7667
7668
7669
7670
7671
7672
7673
7674
7674
7675
7676
7677
7677
7678
7679
7680
7681
7682
7683
7683
7686
7686
7686
7687
7688
7689
7690
7690
7692
7693
7693
7694
7694
7696
7697
7698
7699
7699
7700
7700
7701
7702
7703
7705
7705
7706
7706
7708
7710
7711
7711
7712
7713
7714
7716
7718
7719
7720
7722
7725
7725
7727
7728
7729
7730
7731
7732
7733
7735
7735
7736
7737
7738
7738
7740
7741
7742
7745
7746
7747
7747
7748
7748
7750
7750
7751
7752
7753
7754
7756
7756
7756
7759
7760
7761
7763
7765
7767
7768
7769
7769
7770
7771
7771
7771
7772
7773
7774
7774
7776
7777
7777
7778
7779
7780
7780
7781
7782
7783
7784
7785
7785
7787
7788
7789
7791
7791
7792
7793
7795
7795
7796
7796
7797
7798
7798
7798
7799
7799
7800
7802
7803
7804
7804
7806
7808
7809
7809
7810
7812
7813
7815
7818
7819
7820
7821
7822
7822
7824
7825
7826
7827
7828
7830
7831
7832
7832
7833
7834
7835
7835
7835
7835
7836
7837
7837
7837
7838
7839
7839
7840
7840
7841
7841
7842
7846
7847
7848
7849
7851
7853
7853
7854
7855
7855
7857
7858
7858
7859
7860
7861
7863
7864
7864
7865
7868
7868
7870
7870
7871
7872
7874
7875
7876
7877
7882
7883
7884
7885
7886
7887
7888
7889
7890
7890
7891
7893
7894
7895
7896
7897
7898
7898
7899
7900
7901
7902
7903
7904
7905
7906
7907
7908
7910
7911
7914
7915
7916
7917
7917
7918
7918
7919
7920
7920
7920
7923
7924
7925
7926
7927
7928
7928
7929
7929
7930
7931
7931
7931
7932
7932
7934
7934
7937
7937
7939
7940
7941
7942
7943
7944
7948
7949
7951
7951
7951
7952
7953
7954
7955
7956
7956
7958
7959
7960
7961
7963
7964
7966
7967
7968
7969
7969
7970
7971
7971
7972
7973
7975
7976
7977
7979
7979
7980
7980
7981
7982
7982
7982
7984
7985
7985
7986
7988
7989
7989
7990
7991
7992
7993
7995
7995
7995
7997
7998
7999
8000
8001
8002
8004
8005
8005
8007
8008
8009
8010
8010
8011
8011
8012
8013
8014
8014
8015
8015
8016
8016
8016
8017
8018
8019
8020
8021
8021
8022
8023
8025
8026
8027
8027
8028
8028
8029
8029
8031
8032
8033
8034
8034
8035
8036
8036
8037
8039
8039
8041
8042
8043
8044
8045
8046
8046
8047
8048
8048
8049
8050
8054
8054
8055
8055
8056
8057
8058
8059
8061
8063
8064
8065
8065
8065
8066
8066
8067
8067
8068
8068
8069
8070
8071
8071
8072
8072
8073
8074
8074
8075
8077
8078
8079
8080
8081
8082
8085
8087
8089
8090
8090
8092
8093
8093
8094
8096
8097
8098
8099
8101
8102
8104
8106
8106
8107
8108
8109
8110
8111
8111
8112
8113
8113
8114
8115
8116
8117
8118
8119
8120
8121
8121
8123
8123
8124
8126
8127
8128
8130
8131
8132
8132
8133
8134
8135
8136
8138
8139
8140
8141
8141
8142
8143
8144
8145
8146
8147
8150
8151
8151
8153
8154
8156
8157
8157
8159
8161
8163
8164
8165
8165
8166
8167
8168
8168
8169
8170
8171
8172
8172
8172
8172
8174
8175
8176
8176
8176
8177
8178
8179
8180
8182
8184
8185
8186
8187
8188
8189
8190
8191
8191
8192
8193
8193
8194
8194
8195
8197
8197
8198
8199
8200
8201
8202
8202
8203
8205
8206
8206
8206
8207
8207
8209
8209
8211
8213
8214
8214
8215
8216
8217
8218
8219
8221
8222
8224
8224
8224
8225
8226
8226
8227
8229
8230
8233
8233
8235
8235
8237
8238
8239
8240
8240
8241
8244
8245
8246
8246
8247
8248
8249
8252
8253
8254
8254
8256
8257
8258
8260
8261
8261
8262
8263
8264
8264
8265
8265
8266
8267
8268
8269
8271
8271
8272
8272
8272
8273
8275
8276
8278
8280
8281
8284
8284
8285
8287
8288
8289
8290
8291
8292
8292
8293
8295
8295
8296
8297
8298
8299
8299
8300
8301
8301
8303
8304
8306
8307
8308
8308
8309
8310
8314
8315
8316
8317
8318
8319
8319
8320
8323
8325
8327
8328
8329
8329
8330
8332
8333
8334
8335
8336
8338
8339
8340
8342
8343
8344
8346
8347
8348
8348
8352
8352
8353
8355
8357
8358
8358
8359
8359
8359
8360
8362
8362
8363
8364
8364
8364
8368
8369
8370
8371
8371
8373
8373
8373
8374
8376
8376
8380
8380
8381
8383
8384
8385
8386
8387
8389
8390
8391
8391
8392
8392
8394
8395
8398
8399
8400
8401
8401
8404
8405
8406
8407
8408
8409
8410
8410
8411
8412
8413
8414
8415
8417
8418
8419
8420
8421
8423
8425
8426
8427
8428
8430
8431
8433
8434
8438
8439
8440
8441
8442
8446
8447
8448
8449
8449
8450
8451
8452
8453
8454
8455
8455
8456
8457
8457
8459
8460
8460
8461
8462
8462
8463
8464
8465
8466
8466
8466
8468
8470
8471
8472
8473
8475
8477
8478
8479
8481
8482
8483
8484
8484
8485
8486
8487
8488
8489
8491
8492
8493
8494
8495
8496
8497
8498
8499
8499
8500
8501
8502
8503
8503
8504
8504
8504
8505
8505
8508
8509
8510
8510
8511
8512
8513
8514
8515
8516
8516
8517
8518
8519
8520
8521
8522
8524
8524
8524
8525
8526
8527
8530
8531
8533
8534
8534
8535
8536
8537
8538
8540
8541
8541
8542
8543
8544
8545
8547
8549
8549
8550
8551
8553
8554
8555
8556
8556
8557
8558
8559
8560
8561
8562
8563
8564
8565
8568
8569
8571
8572
8573
8573
8574
8574
8575
8576
8577
8579
8580
8581
8582
8582
8584
8586
8587
8588
8589
8590
8591
8592
8593
8594
8595
8597
8598
8599
8600
8601
8602
8603
8604
8605
8607
8608
8609
8610
8612
8612
8614
8615
8616
8618
8619
8620
8621
8622
8623
8624
8625
8628
8629
8630
8630
8631
8632
8633
8634
8635
8636
8637
8638
8639
8640
8643
8645
8645
8646
8648
8648
8649
8649
8650
8655
8657
8658
8661
8662
8663
8663
8664
8665
8665
8666
8667
8667
8668
8669
8671
8672
8673
8674
8675
8677
8678
8679
8680
8681
8682
8682
8683
8684
8685
8686
8688
8689
8690
8691
8693
8693
8695
8697
8698
8699
8701
8702
8703
8705
8705
8706
8707
8707
8709
8710
8711
8712
8713
8714
8714
8715
8715
8718
8719
8720
8721
8723
8724
8725
8729
8730
8731
8733
8733
8734
8735
8736
8736
8737
8738
8739
8740
8740
8741
8742
8743
8744
8745
8746
8747
8750
8750
8751
8752
8753
8754
8755
8755
8756
8758
8759
8761
8761
8762
8762
8764
8765
8767
8768
8769
8770
8771
8772
8773
8773
8774
8774
8775
8778
8778
8778
8779
8780
8781
8783
8784
8785
8786
8787
8787
8788
8789
8790
8790
8791
8792
8793
8794
8794
8795
8796
8797
8797
8799
8800
8802
8803
8803
8804
8806
8806
8807
8808
8809
8811
8811
8812
8813
8815
8816
8817
8817
8818
8820
8822
8823
8825
8826
8826
8827
8827
8829
8831
8833
8834
8835
8835
8838
8838
8839
8840
8840
8842
8842
8843
8844
8844
8847
8847
8847
8848
8849
8851
8852
8853
8854
8855
8856
8856
8858
8859
8859
8860
8861
8861
8862
8865
8866
8868
8869
8869
8871
8871
8873
8874
8876
8877
8877
8878
8879
8880
8882
8883
8885
8886
8887
8888
8889
8890
8891
8892
8893
8894
8895
8896
8897
8898
8899
8901
8902
8903
8904
8904
8905
8905
8906
8906
8907
8908
8909
8910
8911
8912
8914
8916
8917
8918
8919
8920
8920
8921
8924
8926
8927
8929
8930
8932
8932
8934
8934
8934
8936
8938
8940
8942
8943
8944
8945
8945
8946
8947
8948
8948
8949
8953
8956
8957
8959
8960
8962
8963
8964
8965
8965
8966
8966
8967
8968
8968
8969
8970
8971
8972
8972
8973
8973
8974
8974
8976
8976
8977
8977
8977
8977
8978
8979
8982
8982
8983
8984
8985
8985
8986
8986
8987
8987
8988
8989
8990
8991
8993
8994
8995
8995
8996
8998
8999
8999
9000
9002
9003
9004
9005
9006
9008
9009
9010
9011
9013
9013
9014
9017
9018
9018
9019
9020
9022
9022
9023
9024
9024
9024
9026
9026
9027
9028
9028
9029
9030
9031
9032
9033
9033
9035
9036
9037
9038
9040
9040
9041
9041
9042
9045
9050
9050
9050
9051
9052
9053
9054
9055
9056
9058
9059
9060
9060
9060
9061
9062
9062
9063
9064
9064
9065
9067
9069
9071
9072
9073
9074
9075
9077
9078
9078
9079
9079
9079
9080
9081
9082
9083
9085
9085
9088
9089
9090
9092
9092
9093
9094
9095
9096
9099
9099
9100
9100
9101
9102
9103
9104
9107
9111
9112
9116
9116
9118
9119
9119
9119
9121
9121
9122
9122
9123
9123
9124
9125
9126
9127
9129
9133
9134
9135
9136
9136
9137
9139
9140
9140
9141
9141
9142
9143
9146
9147
9148
9152
9152
9153
9154
9156
9156
9157
9158
9159
9159
9160
9163
9166
9171
9171
9174
9175
9177
9177
9177
9178
9178
9180
9181
9183
9184
9184
9185
9186
9187
9188
9188
9189
9190
9191
9192
9194
9195
9196
9197
9197
9197
9197
9199
9199
9201
9202
9204
9204
9205
9205
9206
9207
9208
9209
9210
9212
9212
9213
9214
9215
9216
9217
9218
9219
9219
9220
9223
9224
9225
9225
9226
9227
9227
9227
9231
9231
9232
9232
9233
9234
9235
9237
9237
9238
9243
9244
9245
9246
9246
9249
9250
9251
9252
9254
9256
9258
9259
9260
9261
9262
9266
9267
9270
9271
9272
9273
9273
9274
9275
9276
9277
9278
9279
9281
9281
9282
9282
9283
9284
9285
9288
9288
9288
9289
9291
9294
9295
9298
9300
9300
9301
9302
9302
9303
9304
9305
9306
9308
9309
9310
9311
9312
9312
9312
9312
9313
9314
9314
9315
9316
9317
9317
9319
9320
9321
9322
9323
9324
9325
9326
9327
9328
9330
9331
9333
9334
9335
9338
9338
9340
9341
9342
9343
9344
9345
9347
9347
9348
9350
9351
9352
9352
9353
9354
9355
9357
9358
9359
9360
9360
9360
9362
9363
9365
9366
9367
9367
9368
9368
9370
9371
9372
9373
9373
9374
9374
9376
9377
9378
9380
9380
9381
9382
9384
9385
9385
9386
9387
9388
9390
9391
9392
9393
9393
9394
9395
9397
9398
9399
9399
9402
9402
9403
9405
9405
9406
9407
9408
9410
9412
9412
9413
9414
9415
9418
9419
9419
9420
9420
9421
9422
9423
9424
9425
9428
9429
9430
9430
9431
9432
9433
9434
9435
9438
9439
9440
9441
9442
9443
9443
9444
9444
9446
9447
9448
9449
9450
9451
9451
9452
9453
9454
9455
9455
9456
9457
9459
9460
9462
9463
9464
9466
9469
9470
9471
9472
9472
9473
9474
9475
9476
9477
9479
9480
9481
9482
9482
9483
9484
9485
9486
9487
9488
9489
9490
9491
9491
9491
9493
9495
9497
9498
9499
9502
9503
9505
9507
9508
9510
9511
9513
9513
9514
9515
9516
9517
9518
9519
9520
9520
9521
9521
9523
9524
9525
9527
9529
9530
9531
9532
9533
9535
9536
9537
9537
9538
9539
9541
9543
9543
9545
9546
9548
9549
9550
9552
9552
9553
9553
9554
9555
9556
9557
9558
9561
9562
9564
9565
9566
9567
9567
9567
9570
9571
9572
9574
9575
9576
9577
9578
9579
9581
9582
9584
9585
9586
9587
9588
9589
9589
9589
9589
9590
9590
9592
9593
9594
9596
9596
9597
9598
9599
9600
9602
9603
9603
9605
9605
9606
9607
9608
9612
9612
9613
9614
9614
9616
9618
9618
9618
9619
9620
9621
9621
9622
9622
9623
9624
9625
9625
9626
9627
9628
9628
9629
9631
9632
9632
9633
9635
9636
9637
9638
9639
9640
9641
9642
9642
9643
9644
9644
9645
9647
9648
9649
9650
9652
9653
9653
9654
9657
9657
9658
9659
9660
9661
9662
9663
9665
9665
9665
9666
9666
9667
9668
9669
9669
9670
9671
9672
9673
9674
9674
9675
9675
9677
9678
9679
9680
9681
9681
9683
9684
9685
9685
9685
9685
9686
9688
9688
9689
9690
9690
9691
9692
9693
9693
9694
9695
9697
9699
9700
9701
9702
9702
9703
9704
9704
9705
9706
9708
9709
9710
9714
9715
9715
9717
9718
9719
9720
9721
9722
9723
9723
9725
9725
9725
9726
9727
9727
9728
9729
9731
9731
9732
9733
9735
9736
9737
9738
9738
9739
9741
9745
9745
9747
9748
9749
9749
9751
9752
9754
9755
9756
9757
9758
9758
9759
9759
9761
9763
9764
9764
9765
9771
9772
9773
9773
9774
9774
9775
9776
9777
9778
9778
9779
9779
9779
9779
9780
9781
9782
9783
9784
9784
9785
9786
9787
9787
9788
9789
9791
9792
9794
9795
9796
9797
9799
9800
9801
9801
9802
9804
9805
9807
9808
9809
9810
9811
9812
9815
9815
9816
9817
9818
9819
9821
9822
9823
9824
9825
9825
9826
9826
9828
9832
9832
9832
9833
9834
9834
9835
9836
9838
9839
9840
9842
9843
9844
9845
9847
9848
9849
9850
9851
9854
9855
9856
9857
9858
9859
9860
9861
9863
9864
9865
9868
9869
9870
9870
9871
9872
9873
9874
9875
9876
9877
9879
9880
9881
9882
9883
9884
9884
9886
9887
9888
9890
9890
9890
9891
9891
9892
9892
9894
9894
9894
9894
9895
9896
9897
9898
9898
9900
9900
9902
9902
9904
9905
9906
9906
9907
9908
9908
9909
9910
9912
9915
9916
9917
9917
9917
9918
9919
9921
9922
9922
9924
9925
9925
9925
9926
9927
9928
9930
9932
9933
9934
9935
9936
9938
9938
9939
9940
9941
9942
9943
9944
9944
9945
9946
9947
9949
9950
9952
9953
9954
9955
9956
9958
9959
9960
9961
9962
9963
9965
9966
9967
9968
9969
9970
9973
9974
9974
9975
9976
9976
9976
9978
9979
9982
9983
9984
9985
9985
9986
9987
9989
9991
9991
9994
9995
9995
9998
