5
11
23
36
39
42
45
46
46
51
53
61
70
73
75
76
79
81
91
113
114
114
116
153
155
162
179
179
180
183
193
195
204
226
236
249
269
273
277
300
319
328
333
339
344
348
366
379
404
407
409
417
423
428
437
443
460
468
481
493
502
508
512
517
522
526
535
535
539
541
543
550
575
575
577
578
578
598
600
615
616
631
639
642
643
663
682
684
694
696
711
720
745
746
757
762
768
772
775
780
785
787
790
800
803
823
824
842
848
865
880
902
903
915
916
930
943
957
959
966
969
974
980
1005
1009
1010
1010
1040
1044
1046
1058
1067
1076
1076
1077
1077
1079
1081
1083
1091
1101
1103
1104
1113
1120
1123
1134
1146
1154
1167
1174
1177
1180
1191
1195
1195
1198
1202
1206
1213
1225
1232
1254
1256
1256
1257
1261
1268
1273
1279
1304
1313
1315
1351
1354
1354
1355
1359
1363
1368
1369
1371
1391
1396
1402
1405
1409
1413
1415
1423
1424
1426
1433
1433
1459
1462
1479
1502
1510
1510
1513
1520
1536
1568
1588
1605
1616
1641
1654
1657
1667
1674
1676
1683
1685
1685
1694
1695
1704
1708
1708
1742
1744
1745
1746
1749
1754
1760
1762
1765
1770
1780
1784
1792
1804
1810
1810
1815
1822
1828
1834
1845
1880
1892
1908
1910
1912
1916
1919
1931
1948
1950
1953
1965
1970
1977
1978
1983
1990
1994
1998
2017
2026
2029
2034
2052
2057
2058
2062
2096
2110
2139
2165
2177
2180
2185
2199
2199
2204
2207
2218
2220
2232
2269
2275
2284
2292
2294
2296
2305
2306
2313
2334
2336
2339
2341
2359
2365
2365
2371
2381
2383
2383
2392
2434
2448
2449
2451
2451
2452
2453
2456
2459
2463
2494
2496
2521
2533
2535
2541
2551
2568
2583
2584
2594
2594
2596
2598
2604
2605
2612
2617
2624
2642
2652
2657
2659
2665
2666
2684
2688
2702
2718
2733
2740
2769
2770
2775
2779
2788
2808
2808
2822
2838
2852
2864
2864
2881
2898
2900
2915
2919
2947
2951
2963
2976
2984
2990
2991
3010
3020
3025
3037
3039
3040
3046
3058
3060
3062
3064
3079
3108
3119
3163
3168
3184
3186
3189
3190
3225
3228
3236
3260
3297
3299
3303
3307
3318
3321
3329
3329
3338
3359
3422
3427
3430
3434
3443
3448
3449
3468
3484
3484
3485
3498
3498
3524
3531
3537
3566
3570
3578
3581
3588
3591
3600
3627
3652
3667
3669
3676
3698
3702
3708
3714
3732
3738
3751
3755
3758
3766
3774
3787
3815
3818
3818
3832
3849
3856
3875
3883
3905
3934
3947
3949
3964
3972
3976
3981
3985
4032
4039
4041
4046
4056
4103
4107
4109
4138
4162
4195
4201
4206
4207
4210
4212
4223
4227
4228
4249
4250
4252
4257
4258
4264
4276
4291
4314
4324
4364
4364
4366
4367
4375
4377
4394
4399
4405
4408
4431
4444
4454
4459
4464
4484
4554
4556
4560
4574
4575
4593
4612
4621
4624
4628
4667
4682
4688
4689
4689
4704
4707
4713
4720
4755
4781
4795
4801
4834
4835
4859
4876
4895
4896
4900
4905
4910
4913
4928
4948
4950
4952
4961
4968
5014
5020
5040
5042
5071
5087
5104
5116
5125
5128
5129
5155
5161
5168
5182
5189
5206
5210
5223
5232
5240
5244
5258
5268
5278
5283
5298
5312
5313
5329
5337
5346
5372
5372
5381
5383
5385
5391
5392
5395
5397
5402
5404
5405
5418
5428
5435
5449
5451
5496
5523
5541
5547
5563
5568
5581
5599
5600
5609
5621
5624
5628
5632
5659
5671
5675
5678
5700
5706
5747
5755
5760
5763
5766
5770
5788
5794
5810
5818
5823
5840
5845
5866
5871
5889
5891
5896
5896
5900
5911
5914
5939
5946
5959
5975
5979
5984
5984
5989
6016
6047
6059
6064
6071
6084
6098
6122
6157
6167
6169
6172
6177
6179
6186
6224
6227
6236
6238
6263
6270
6275
6303
6303
6305
6307
6317
6324
6332
6345
6349
6358
6379
6381
6412
6415
6426
6431
6464
6469
6473
6481
6489
6511
6515
6517
6519
6519
6526
6533
6541
6559
6564
6569
6571
6577
6580
6602
6606
6634
6662
6672
6675
6692
6706
6717
6720
6724
6731
6757
6791
6805
6811
6814
6817
6847
6855
6858
6864
6867
6867
6879
6879
6906
6918
6919
6923
6927
6935
6988
7000
7021
7031
7038
7041
7046
7059
7078
7087
7114
7170
7176
7193
7206
7220
7229
7230
7234
7237
7250
7267
7268
7291
7292
7300
7302
7329
7333
7336
7336
7341
7352
7364
7366
7370
7378
7402
7437
7457
7458
7462
7489
7497
7512
7530
7545
7545
7549
7552
7560
7570
7571
7589
7597
7626
7627
7633
7636
7640
7642
7651
7666
7667
7673
7676
7692
7694
7696
7698
7705
7717
7725
7727
7738
7741
7742
7746
7756
7760
7765
7768
7775
7786
7864
7874
7898
7901
7916
7916
7921
7952
7958
7963
7966
7994
7997
7997
8001
8013
8022
8026
8030
8042
8045
8046
8055
8062
8082
8087
8089
8095
8097
8128
8130
8144
8160
8164
8168
8168
8169
8178
8213
8221
8224
8225
8241
8241
8251
8255
8266
8279
8280
8284
8317
8326
8331
8341
8347
8359
8366
8366
8370
8379
8391
8395
8413
8430
8434
8438
8449
8464
8467
8470
8475
8495
8502
8508
8529
8530
8538
8540
8558
8559
8593
8596
8596
8602
8626
8634
8644
8661
8664
8693
8699
8718
8724
8746
8753
8755
8761
8783
8783
8784
8787
8800
8805
8830
8869
8875
8892
8940
8974
8999
9010
9017
9080
9080
9082
9086
9093
9129
9147
9162
9165
9173
9180
9207
9215
9218
9234
9253
9260
9274
9304
9309
9344
9357
9359
9362
9371
9372
9387
9399
9471
9485
9490
9492
9498
9504
9521
9529
9534
9563
9581
9590
9590
9594
9633
9651
9659
9677
9702
9718
9723
9725
9738
9762
9765
9767
9791
9792
9797
9800
9807
9815
9821
9828
9852
9861
9871
9899
9907
9958
9962
9966
9974
9979
