0
1
4
4
5
5
5
6
10
11
11
13
13
14
15
16
18
19
19
21
21
21
21
22
24
24
25
26
27
28
30
30
31
33
34
34
34
34
35
35
36
36
39
39
41
42
43
45
46
46
47
47
47
48
49
49
51
51
51
53
53
56
58
58
58
59
59
60
60
61
62
65
66
67
68
69
69
70
71
72
73
73
73
74
74
76
78
78
79
80
81
81
81
81
82
83
83
85
85
86
86
87
88
88
89
89
89
90
90
90
93
94
94
94
94
95
96
99
99
99
100
100
100
100
100
101
101
101
101
103
104
105
106
106
106
109
109
110
112
112
112
113
113
114
114
114
114
115
115
118
118
119
120
121
121
124
124
125
125
126
126
127
128
131
132
134
135
136
137
138
138
138
139
139
140
140
141
142
143
143
143
144
145
145
146
150
151
152
153
153
153
155
155
155
157
159
160
160
160
161
163
163
164
164
166
167
167
168
168
168
168
168
169
171
172
172
173
173
174
175
175
175
176
177
178
179
181
181
182
182
182
182
183
183
184
184
184
184
184
185
186
186
187
187
188
189
189
191
191
191
192
192
193
193
194
194
195
196
197
199
202
202
205
206
206
206
207
208
209
209
211
213
214
216
217
219
219
221
221
222
222
222
222
223
224
224
225
229
229
230
231
231
231
233
234
234
236
236
237
237
237
239
239
240
241
241
242
242
243
243
244
245
251
253
254
255
256
257
257
257
258
259
260
260
261
261
261
264
266
266
268
268
269
269
272
273
273
273
274
274
274
274
275
277
278
278
278
278
279
280
280
281
282
283
283
283
284
284
285
285
287
289
289
291
291
293
295
297
301
301
303
303
305
307
308
309
309
310
312
313
313
314
315
317
318
319
320
323
324
326
326
326
329
330
330
330
331
332
332
334
334
334
334
336
337
337
338
339
339
339
340
340
341
341
341
341
342
342
344
344
345
345
347
347
349
350
351
351
351
352
352
354
355
355
356
359
359
360
360
361
361
361
361
362
363
363
364
364
365
366
366
367
367
367
368
369
372
372
373
374
375
377
377
379
381
381
383
383
384
385
385
385
386
388
389
390
391
391
392
392
392
393
395
395
396
397
398
398
399
401
401
403
403
403
403
404
405
406
406
406
407
407
407
407
408
408
409
411
412
413
413
413
414
415
416
419
419
420
422
423
423
424
424
424
425
427
428
428
429
429
429
430
434
435
436
436
438
439
439
442
442
442
445
447
448
449
449
450
451
451
452
453
453
453
453
454
456
457
457
458
458
459
460
460
460
463
465
465
467
468
469
469
470
472
474
475
477
477
477
477
478
478
479
480
481
481
484
484
485
486
486
487
487
488
488
489
489
490
490
492
492
493
493
493
494
495
495
495
496
496
496
496
496
498
499
499
501
501
502
503
503
503
503
506
506
507
507
508
508
510
510
510
511
511
512
512
512
513
513
513
515
515
517
517
518
519
519
520
521
522
522
525
525
527
529
529
530
530
532
533
534
536
537
538
538
539
540
540
541
543
543
544
545
545
545
549
549
551
551
553
553
553
555
555
555
556
556
558
558
559
561
563
565
565
565
566
566
566
567
568
568
568
569
569
569
569
569
571
571
572
572
572
574
574
574
574
575
575
575
575
577
579
581
582
582
583
584
584
585
586
587
587
587
588
589
589
592
596
596
596
596
596
597
598
598
599
600
602
603
603
603
603
604
605
605
605
607
608
608
609
612
615
616
616
616
616
617
618
618
619
619
620
620
621
622
623
624
626
627
627
628
628
628
629
629
631
634
635
635
635
635
636
636
638
638
638
640
640
640
641
643
644
644
645
645
646
646
648
648
649
650
651
651
651
651
651
652
656
657
658
661
661
662
664
665
666
666
668
669
671
671
671
672
672
672
673
673
675
676
677
677
678
679
680
680
681
682
682
683
683
683
686
687
687
688
689
690
690
690
690
692
692
693
693
694
695
697
698
699
699
700
701
701
702
704
704
708
708
708
712
712
713
715
715
718
719
719
720
722
722
722
724
726
727
728
728
729
729
729
729
731
731
731
732
733
733
734
734
735
736
737
737
737
737
738
740
741
744
744
745
745
745
746
747
750
751
752
752
753
755
756
756
757
757
759
761
763
765
766
767
767
767
767
769
769
771
775
776
776
779
779
779
779
780
781
782
784
789
790
792
792
794
794
796
796
797
797
798
799
799
800
802
802
804
804
805
806
806
806
806
807
807
808
808
809
809
809
810
811
811
811
811
811
812
814
815
815
815
817
817
818
819
820
822
825
826
826
827
829
830
830
832
833
833
834
835
838
839
839
839
840
841
844
844
844
845
845
845
847
847
847
849
849
851
851
853
853
854
854
855
855
855
855
856
856
857
857
857
857
858
858
859
859
861
862
863
863
864
864
864
865
867
867
871
871
871
872
872
872
873
873
873
875
876
877
877
877
877
877
877
880
880
880
880
882
883
883
884
884
886
887
887
887
890
890
890
890
891
891
892
892
892
894
895
895
896
897
898
898
900
900
901
901
902
903
903
905
906
906
908
909
912
912
913
913
914
914
914
915
915
915
915
915
916
917
919
919
919
921
921
922
924
924
926
926
928
928
928
929
931
932
933
933
934
934
935
936
940
941
941
942
943
943
944
944
944
945
945
946
946
946
946
948
949
949
949
950
950
950
950
951
952
953
953
955
955
955
956
956
958
958
958
959
959
959
959
961
962
962
962
965
965
966
967
972
973
974
974
975
976
976
977
977
977
978
979
980
981
983
984
984
984
984
986
987
988
988
989
989
989
991
992
993
994
995
996
997
998
998
999
999
999
999
1000
1001
1001
1001
1003
1003
1004
1004
1005
1006
1006
1007
1010
1010
1012
1012
1012
1015
1015
1015
1018
1018
1018
1019
1021
1024
1025
1025
1027
1027
1028
1029
1031
1032
1032
1033
1034
1034
1035
1036
1036
1036
1037
1038
1039
1040
1040
1041
1042
1042
1043
1043
1044
1044
1045
1045
1045
1047
1048
1050
1050
1050
1051
1051
1054
1055
1055
1056
1056
1058
1059
1060
1060
1060
1060
1061
1062
1062
1063
1063
1064
1065
1066
1067
1067
1068
1068
1070
1071
1072
1073
1073
1074
1075
1076
1077
1078
1078
1080
1082
1082
1082
1083
1083
1089
1090
1091
1093
1093
1094
1094
1096
1097
1097
1098
1099
1100
1103
1105
1106
1107
1109
1109
1109
1109
1109
1110
1111
1113
1113
1115
1115
1115
1117
1117
1118
1121
1121
1122
1122
1122
1123
1124
1124
1126
1127
1130
1130
1131
1131
1132
1132
1134
1135
1136
1136
1138
1138
1139
1139
1141
1142
1142
1142
1143
1144
1144
1144
1145
1146
1146
1147
1147
1147
1147
1149
1149
1149
1150
1150
1150
1151
1151
1151
1152
1152
1152
1153
1153
1154
1154
1157
1157
1157
1160
1161
1161
1162
1162
1163
1164
1164
1164
1166
1166
1166
1166
1169
1171
1174
1175
1176
1177
1177
1178
1179
1180
1180
1181
1182
1182
1182
1183
1184
1184
1187
1189
1189
1190
1191
1191
1191
1191
1192
1193
1195
1196
1196
1197
1197
1199
1204
1204
1205
1205
1205
1208
1208
1208
1211
1211
1211
1212
1213
1216
1216
1217
1219
1219
1220
1220
1221
1221
1221
1223
1223
1225
1226
1226
1226
1227
1227
1227
1228
1232
1233
1233
1234
1235
1236
1237
1239
1239
1239
1239
1239
1239
1241
1241
1241
1241
1241
1242
1242
1242
1242
1242
1243
1243
1244
1245
1246
1246
1247
1247
1248
1250
1252
1253
1253
1253
1255
1257
1258
1258
1258
1259
1260
1260
1261
1262
1264
1264
1265
1265
1265
1269
1271
1272
1272
1272
1272
1273
1274
1275
1276
1277
1277
1277
1278
1279
1280
1280
1281
1283
1284
1284
1285
1285
1285
1286
1286
1288
1290
1290
1291
1291
1293
1294
1294
1295
1296
1297
1297
1298
1299
1299
1299
1302
1303
1303
1304
1304
1306
1306
1307
1308
1308
1308
1308
1309
1310
1310
1311
1313
1314
1314
1315
1316
1319
1319
1320
1320
1320
1320
1322
1322
1323
1323
1323
1323
1323
1325
1325
1327
1327
1327
1327
1328
1328
1328
1330
1331
1332
1332
1333
1333
1334
1334
1334
1335
1335
1337
1337
1341
1341
1342
1342
1344
1345
1345
1345
1345
1346
1347
1347
1347
1348
1348
1348
1349
1351
1351
1352
1353
1355
1355
1356
1357
1358
1359
1360
1362
1363
1363
1363
1364
1365
1365
1366
1366
1367
1368
1368
1370
1371
1371
1372
1373
1373
1373
1374
1375
1376
1377
1379
1381
1381
1382
1382
1384
1384
1385
1387
1389
1389
1390
1390
1391
1392
1394
1395
1395
1397
1399
1399
1399
1399
1400
1403
1403
1403
1404
1404
1405
1406
1407
1408
1408
1409
1409
1411
1411
1413
1414
1415
1416
1416
1416
1417
1418
1418
1419
1419
1420
1420
1420
1421
1421
1422
1422
1423
1424
1425
1426
1427
1427
1429
1433
1436
1436
1440
1440
1440
1441
1442
1442
1443
1445
1445
1448
1449
1450
1450
1450
1451
1454
1457
1457
1460
1461
1463
1463
1464
1465
1465
1465
1466
1468
1469
1470
1470
1471
1472
1472
1473
1473
1473
1474
1474
1475
1476
1477
1477
1479
1480
1480
1480
1480
1481
1481
1481
1482
1483
1483
1484
1484
1485
1486
1486
1486
1487
1488
1489
1490
1491
1492
1492
1492
1493
1494
1494
1494
1495
1495
1497
1497
1498
1498
1500
1501
1501
1502
1503
1503
1503
1505
1506
1507
1507
1508
1509
1510
1511
1512
1513
1514
1515
1515
1516
1517
1519
1519
1520
1520
1521
1522
1524
1525
1525
1525
1526
1527
1527
1527
1527
1529
1530
1531
1531
1532
1533
1533
1534
1535
1536
1537
1537
1537
1538
1538
1539
1539
1542
1542
1543
1544
1544
1545
1545
1546
1547
1547
1548
1550
1552
1553
1554
1555
1556
1557
1558
1559
1560
1561
1561
1562
1562
1565
1565
1568
1568
1568
1568
1569
1569
1570
1571
1571
1571
1572
1572
1573
1575
1575
1575
1575
1578
1581
1582
1582
1583
1584
1585
1587
1587
1587
1587
1588
1588
1590
1590
1591
1591
1592
1593
1593
1594
1594
1595
1596
1597
1598
1599
1599
1599
1599
1599
1600
1601
1602
1602
1603
1603
1608
1611
1612
1613
1613
1614
1614
1615
1617
1617
1617
1617
1617
1618
1618
1619
1620
1622
1623
1624
1624
1624
1627
1628
1628
1629
1630
1631
1631
1632
1632
1634
1636
1636
1636
1639
1640
1640
1640
1640
1641
1642
1643
1643
1644
1644
1644
1645
1646
1647
1647
1647
1647
1649
1650
1650
1650
1651
1654
1654
1655
1657
1657
1660
1662
1664
1664
1664
1665
1665
1665
1666
1668
1668
1670
1672
1673
1673
1676
1677
1678
1678
1681
1682
1682
1683
1683
1683
1684
1685
1685
1686
1686
1688
1689
1690
1692
1694
1695
1695
1696
1696
1696
1696
1697
1698
1698
1699
1700
1700
1702
1703
1705
1705
1707
1708
1708
1709
1710
1710
1711
1711
1713
1713
1713
1714
1715
1716
1718
1719
1722
1722
1723
1725
1727
1727
1728
1728
1729
1729
1730
1732
1732
1733
1733
1733
1734
1734
1739
1739
1739
1740
1743
1746
1749
1750
1750
1751
1754
1757
1757
1757
1758
1759
1759
1760
1762
1762
1763
1763
1763
1764
1764
1765
1766
1768
1773
1775
1775
1775
1777
1777
1779
1780
1781
1782
1782
1785
1785
1786
1787
1787
1788
1789
1789
1790
1792
1793
1793
1793
1794
1795
1796
1796
1796
1797
1797
1797
1798
1800
1801
1801
1803
1804
1804
1805
1805
1805
1806
1807
1807
1808
1813
1814
1815
1817
1817
1818
1818
1818
1819
1819
1821
1821
1822
1822
1823
1823
1823
1824
1824
1824
1825
1825
1827
1827
1827
1827
1827
1828
1828
1830
1830
1832
1832
1833
1833
1834
1834
1835
1837
1837
1839
1839
1841
1841
1842
1843
1843
1846
1847
1847
1848
1850
1850
1851
1851
1852
1853
1853
1854
1855
1856
1856
1856
1856
1856
1858
1860
1860
1861
1861
1861
1862
1862
1863
1863
1865
1865
1865
1867
1869
1869
1869
1871
1871
1871
1872
1873
1873
1874
1874
1876
1876
1877
1878
1880
1881
1882
1883
1884
1884
1885
1887
1888
1891
1892
1892
1892
1892
1893
1893
1893
1893
1894
1896
1898
1898
1899
1900
1900
1903
1903
1905
1905
1906
1907
1907
1907
1908
1909
1910
1911
1913
1913
1913
1913
1914
1914
1914
1916
1917
1917
1918
1921
1922
1925
1926
1926
1926
1927
1928
1929
1929
1930
1931
1931
1931
1933
1934
1935
1935
1936
1937
1937
1938
1940
1940
1941
1942
1942
1942
1942
1943
1943
1944
1944
1945
1945
1947
1949
1949
1949
1949
1950
1950
1953
1954
1955
1955
1956
1957
1958
1959
1959
1960
1962
1962
1965
1966
1968
1969
1969
1969
1971
1971
1971
1972
1972
1973
1974
1974
1974
1974
1975
1975
1977
1980
1981
1981
1982
1982
1984
1985
1988
1989
1989
1990
1993
1993
1994
1994
1995
1995
1998
1999
2000
2000
2000
2002
2005
2008
2009
2010
2012
2013
2014
2015
2015
2015
2016
2017
2018
2018
2020
2020
2022
2022
2024
2026
2026
2027
2027
2027
2028
2028
2029
2030
2030
2030
2032
2032
2035
2036
2037
2038
2038
2039
2039
2041
2042
2042
2046
2046
2046
2048
2049
2049
2050
2050
2051
2052
2053
2054
2054
2054
2055
2056
2056
2057
2059
2059
2060
2062
2062
2063
2066
2067
2067
2070
2072
2073
2074
2074
2075
2075
2076
2076
2077
2077
2078
2078
2080
2080
2080
2084
2085
2089
2089
2090
2090
2090
2091
2092
2093
2095
2095
2095
2095
2096
2096
2096
2097
2097
2098
2098
2099
2100
2102
2103
2104
2105
2107
2107
2108
2108
2108
2109
2109
2110
2110
2111
2113
2113
2113
2113
2115
2115
2115
2118
2118
2118
2119
2123
2123
2123
2123
2123
2124
2124
2124
2124
2125
2125
2126
2126
2127
2128
2128
2131
2131
2132
2132
2132
2135
2135
2136
2137
2139
2139
2141
2143
2143
2143
2144
2144
2144
2144
2145
2150
2150
2152
2154
2154
2155
2155
2155
2157
2158
2158
2159
2160
2161
2162
2165
2165
2166
2167
2167
2167
2168
2168
2168
2169
2170
2170
2171
2171
2171
2173
2173
2173
2173
2176
2176
2176
2176
2176
2177
2178
2178
2179
2180
2180
2182
2182
2183
2184
2186
2186
2186
2187
2188
2189
2190
2190
2190
2191
2191
2192
2193
2195
2195
2195
2196
2198
2199
2200
2201
2202
2203
2204
2204
2205
2208
2210
2212
2212
2213
2214
2214
2215
2215
2218
2219
2223
2223
2225
2225
2227
2227
2227
2227
2227
2229
2230
2230
2230
2231
2232
2233
2235
2236
2236
2236
2236
2237
2238
2238
2240
2240
2243
2244
2245
2245
2246
2247
2247
2248
2248
2248
2249
2249
2250
2250
2251
2251
2251
2251
2252
2252
2254
2256
2258
2260
2260
2260
2261
2261
2263
2265
2265
2266
2266
2267
2268
2268
2269
2269
2270
2271
2271
2272
2272
2273
2274
2276
2278
2279
2279
2280
2280
2281
2281
2281
2282
2282
2282
2284
2285
2287
2288
2289
2289
2291
2291
2291
2292
2293
2293
2294
2294
2294
2294
2294
2295
2295
2297
2298
2299
2300
2301
2301
2304
2305
2306
2306
2308
2311
2313
2313
2315
2316
2317
2317
2318
2319
2319
2320
2322
2324
2329
2330
2331
2332
2332
2333
2333
2333
2336
2337
2338
2338
2341
2342
2343
2344
2346
2347
2347
2348
2348
2349
2351
2351
2352
2354
2354
2355
2356
2356
2356
2357
2358
2359
2360
2360
2361
2363
2363
2365
2365
2366
2367
2368
2368
2369
2369
2369
2370
2371
2372
2372
2373
2374
2375
2375
2376
2376
2377
2377
2377
2377
2378
2378
2380
2381
2382
2383
2383
2384
2384
2386
2386
2387
2388
2389
2390
2392
2393
2393
2393
2394
2394
2395
2395
2396
2397
2397
2398
2398
2399
2399
2400
2400
2401
2403
2404
2406
2407
2407
2409
2409
2410
2410
2412
2412
2413
2413
2414
2414
2416
2416
2419
2419
2420
2420
2421
2422
2423
2423
2424
2425
2427
2427
2428
2428
2431
2433
2433
2433
2435
2438
2438
2439
2439
2439
2440
2440
2441
2442
2443
2443
2443
2444
2444
2445
2446
2446
2446
2446
2446
2448
2448
2450
2450
2451
2452
2452
2453
2456
2457
2459
2460
2462
2462
2462
2463
2466
2466
2466
2467
2469
2469
2469
2469
2470
2470
2471
2472
2473
2473
2474
2475
2477
2478
2478
2479
2479
2480
2480
2481
2481
2484
2484
2484
2485
2486
2487
2488
2489
2490
2491
2492
2492
2493
2493
2493
2493
2494
2494
2497
2497
2498
2498
2499
2499
2501
2501
2503
2503
2503
2505
2505
2506
2507
2508
2510
2511
2512
2512
2513
2513
2513
2514
2514
2514
2516
2518
2519
2519
2519
2520
2521
2522
2522
2523
2523
2523
2523
2523
2524
2525
2526
2526
2527
2527
2528
2531
2531
2531
2531
2531
2532
2533
2533
2535
2535
2536
2537
2537
2538
2538
2540
2540
2541
2541
2543
2545
2546
2546
2547
2548
2548
2549
2549
2551
2553
2554
2554
2554
2555
2557
2557
2557
2559
2559
2559
2560
2560
2560
2561
2562
2562
2563
2564
2564
2564
2565
2568
2569
2572
2573
2574
2575
2575
2576
2576
2577
2577
2578
2580
2581
2581
2582
2585
2585
2586
2586
2586
2588
2588
2588
2589
2590
2591
2594
2595
2596
2597
2598
2599
2599
2600
2601
2601
2604
2606
2608
2609
2609
2610
2610
2610
2612
2613
2614
2614
2615
2617
2618
2618
2619
2621
2625
2625
2626
2626
2626
2627
2628
2631
2631
2632
2632
2632
2633
2633
2634
2635
2638
2639
2639
2640
2642
2642
2643
2643
2644
2645
2646
2646
2647
2649
2651
2653
2654
2654
2654
2654
2655
2656
2656
2656
2658
2658
2659
2660
2663
2664
2664
2664
2666
2666
2667
2667
2668
2668
2668
2669
2670
2671
2671
2673
2673
2673
2674
2675
2676
2676
2677
2678
2679
2680
2681
2682
2683
2683
2684
2684
2684
2689
2689
2689
2690
2692
2693
2693
2693
2695
2695
2695
2697
2697
2698
2699
2699
2699
2700
2700
2701
2701
2702
2702
2703
2703
2704
2704
2705
2705
2705
2706
2706
2706
2707
2707
2708
2708
2709
2711
2712
2712
2712
2712
2713
2713
2714
2716
2718
2718
2718
2721
2721
2723
2723
2723
2724
2724
2725
2725
2726
2727
2727
2728
2728
2729
2729
2731
2732
2735
2735
2737
2737
2738
2738
2738
2739
2740
2740
2741
2741
2741
2742
2742
2744
2745
2745
2745
2745
2746
2746
2748
2748
2749
2750
2750
2752
2752
2753
2753
2755
2756
2756
2756
2759
2759
2760
2761
2763
2765
2766
2768
2768
2768
2769
2770
2771
2771
2772
2774
2774
2778
2779
2779
2779
2782
2782
2782
2784
2785
2785
2788
2788
2789
2790
2790
2791
2792
2796
2797
2799
2799
2800
2800
2803
2804
2805
2807
2810
2810
2810
2811
2811
2813
2814
2814
2815
2820
2823
2827
2827
2830
2832
2832
2833
2833
2834
2835
2835
2836
2836
2838
2839
2839
2840
2841
2841
2842
2845
2846
2847
2849
2850
2850
2850
2851
2852
2852
2853
2853
2854
2854
2855
2859
2859
2860
2861
2864
2864
2865
2867
2868
2869
2875
2877
2883
2883
2883
2883
2884
2887
2887
2887
2888
2889
2892
2892
2897
2898
2902
2905
2906
2908
2909
2909
2909
2910
2911
2912
2912
2913
2914
2915
2918
2919
2919
2920
2921
2923
2924
2926
2926
2926
2927
2927
2929
2929
2931
2932
2933
2936
2936
2937
2937
2939
2940
2943
2944
2944
2945
2945
2945
2946
2946
2946
2950
2951
2951
2952
2952
2953
2954
2954
2956
2956
2957
2958
2960
2960
2961
2961
2961
2961
2966
2966
2967
2967
2970
2971
2972
2972
2972
2973
2975
2976
2976
2978
2978
2984
2987
2987
2987
2989
2990
2991
2991
2992
2994
2995
2996
2996
2997
2997
2999
3001
3003
3004
3005
3005
3006
3006
3009
3012
3012
3013
3013
3013
3014
3017
3017
3022
3022
3025
3025
3026
3029
3030
3031
3034
3036
3036
3038
3038
3039
3041
3043
3043
3044
3045
3047
3048
3050
3053
3054
3055
3055
3055
3058
3062
3063
3064
3067
3068
3068
3069
3071
3074
3075
3076
3076
3079
3080
3080
3081
3082
3082
3084
3085
3087
3087
3088
3089
3093
3094
3095
3096
3096
3096
3096
3096
3096
3097
3099
3099
3099
3099
3100
3100
3101
3101
3102
3102
3103
3103
3103
3104
3105
3107
3108
3109
3110
3111
3112
3113
3114
3114
3115
3115
3117
3118
3119
3119
3120
3123
3124
3124
3125
3129
3130
3132
3138
3139
3139
3142
3143
3144
3145
3145
3147
3147
3147
3148
3148
3150
3150
3152
3154
3156
3157
3158
3159
3159
3161
3163
3164
3165
3165
3166
3166
3167
3168
3169
3173
3173
3174
3176
3177
3177
3178
3179
3179
3180
3181
3183
3184
3188
3189
3190
3190
3192
3192
3193
3196
3198
3200
3202
3203
3205
3205
3207
3210
3211
3211
3213
3213
3214
3214
3215
3215
3216
3217
3217
3217
3217
3218
3219
3219
3219
3220
3220
3221
3222
3223
3224
3225
3226
3227
3228
3228
3229
3231
3232
3233
3234
3235
3236
3238
3238
3239
3240
3240
3241
3241
3242
3243
3243
3243
3243
3243
3245
3245
3246
3246
3247
3248
3248
3249
3249
3251
3251
3251
3251
3252
3252
3254
3256
3257
3258
3259
3259
3260
3261
3263
3264
3265
3265
3265
3266
3267
3267
3268
3270
3270
3273
3274
3276
3276
3279
3280
3281
3282
3283
3283
3284
3288
3289
3291
3292
3293
3294
3294
3296
3297
3301
3301
3304
3305
3306
3307
3309
3310
3312
3312
3313
3314
3315
3315
3316
3316
3318
3318
3318
3320
3325
3326
3327
3327
3327
3337
3340
3340
3341
3342
3344
3344
3346
3347
3348
3348
3348
3351
3352
3352
3353
3355
3355
3356
3356
3356
3357
3358
3359
3362
3363
3364
3364
3366
3366
3367
3368
3371
3372
3373
3374
3376
3376
3377
3378
3378
3378
3378
3381
3384
3385
3385
3387
3388
3390
3390
3391
3391
3391
3392
3392
3393
3393
3394
3394
3397
3398
3399
3402
3404
3404
3404
3405
3405
3405
3406
3408
3409
3410
3411
3412
3412
3413
3414
3417
3417
3418
3419
3419
3419
3420
3421
3423
3423
3424
3425
3425
3426
3427
3427
3428
3430
3432
3433
3433
3433
3434
3436
3437
3437
3441
3442
3442
3443
3444
3444
3445
3446
3447
3449
3450
3450
3450
3451
3452
3452
3454
3456
3456
3459
3460
3461
3462
3463
3464
3466
3468
3468
3469
3470
3471
3471
3472
3473
3473
3474
3477
3478
3478
3479
3482
3482
3483
3484
3484
3485
3485
3486
3488
3490
3491
3493
3493
3495
3496
3497
3499
3500
3500
3502
3503
3504
3505
3506
3507
3508
3510
3510
3511
3512
3512
3513
3514
3515
3516
3517
3518
3519
3519
3522
3525
3526
3526
3527
3527
3527
3528
3528
3530
3532
3534
3536
3537
3537
3539
3540
3540
3545
3546
3547
3549
3551
3555
3555
3555
3556
3556
3557
3557
3558
3558
3561
3561
3562
3565
3566
3567
3568
3568
3568
3568
3568
3568
3569
3569
3569
3569
3570
3572
3572
3572
3572
3572
3574
3575
3576
3577
3577
3577
3578
3579
3581
3582
3582
3584
3584
3586
3588
3589
3590
3591
3591
3592
3595
3596
3599
3599
3600
3600
3602
3603
3609
3609
3612
3612
3616
3616
3617
3617
3617
3619
3622
3624
3625
3625
3625
3627
3628
3629
3630
3630
3632
3632
3632
3633
3637
3638
3639
3639
3642
3647
3647
3650
3650
3651
3652
3653
3654
3654
3656
3657
3660
3660
3661
3661
3662
3662
3663
3664
3664
3666
3667
3667
3669
3675
3675
3676
3677
3678
3679
3679
3680
3681
3681
3682
3682
3682
3685
3686
3686
3686
3688
3694
3697
3698
3698
3699
3700
3702
3703
3704
3705
3707
3707
3708
3708
3709
3711
3712
3714
3715
3716
3719
3719
3719
3720
3722
3723
3723
3724
3724
3725
3725
3727
3728
3728
3728
3729
3729
3729
3732
3732
3732
3732
3733
3733
3733
3733
3734
3735
3735
3736
3737
3737
3738
3742
3742
3743
3743
3744
3744
3746
3746
3750
3750
3751
3751
3753
3758
3759
3762
3763
3763
3763
3766
3771
3771
3772
3774
3774
3776
3777
3777
3777
3779
3779
3779
3780
3781
3781
3782
3783
3783
3784
3786
3788
3789
3791
3792
3793
3793
3796
3796
3797
3798
3799
3802
3805
3809
3810
3810
3810
3811
3813
3816
3816
3817
3818
3819
3821
3822
3822
3822
3822
3823
3824
3824
3824
3825
3826
3829
3829
3830
3830
3830
3831
3832
3832
3832
3832
3836
3836
3836
3840
3841
3843
3843
3843
3844
3845
3845
3848
3849
3850
3851
3851
3852
3852
3853
3853
3853
3855
3856
3857
3858
3859
3860
3861
3861
3863
3865
3865
3876
3876
3879
3879
3880
3880
3881
3884
3884
3884
3887
3888
3890
3891
3891
3894
3894
3895
3895
3897
3898
3901
3901
3902
3903
3904
3906
3907
3908
3909
3913
3913
3914
3915
3916
3916
3918
3919
3920
3920
3923
3923
3925
3925
3926
3928
3928
3928
3928
3929
3930
3930
3930
3930
3933
3933
3934
3934
3935
3935
3937
3938
3938
3939
3943
3947
3947
3949
3952
3952
3952
3953
3954
3955
3955
3955
3957
3958
3960
3961
3961
3962
3962
3962
3963
3965
3966
3967
3967
3968
3969
3970
3971
3972
3973
3974
3976
3980
3983
3983
3983
3983
3984
3984
3985
3987
3988
3988
3988
3990
3992
3996
3997
3998
3998
3999
4000
4003
4006
4008
4008
4008
4009
4010
4011
4011
4011
4013
4015
4015
4019
4020
4021
4021
4021
4022
4022
4022
4023
4024
4025
4026
4026
4027
4028
4028
4030
4031
4032
4033
4033
4033
4034
4035
4043
4045
4045
4045
4045
4046
4047
4048
4048
4049
4049
4052
4054
4055
4055
4056
4056
4058
4058
4059
4059
4061
4064
4065
4066
4067
4068
4069
4070
4074
4076
4078
4079
4080
4080
4082
4083
4083
4083
4084
4085
4086
4090
4091
4091
4091
4092
4092
4093
4095
4098
4103
4103
4104
4104
4104
4105
4106
4106
4108
4108
4108
4109
4110
4111
4111
4112
4113
4114
4114
4115
4115
4117
4118
4121
4126
4126
4127
4130
4130
4132
4132
4133
4133
4134
4134
4137
4137
4138
4139
4140
4140
4141
4142
4142
4143
4144
4144
4145
4146
4146
4149
4150
4150
4151
4151
4154
4156
4157
4157
4158
4158
4158
4160
4162
4162
4162
4162
4164
4166
4166
4166
4166
4167
4167
4167
4168
4171
4172
4172
4172
4172
4173
4173
4174
4174
4175
4181
4181
4182
4182
4184
4193
4194
4195
4196
4200
4200
4200
4200
4201
4202
4203
4203
4203
4204
4204
4205
4207
4210
4212
4213
4215
4215
4215
4216
4216
4216
4217
4220
4222
4222
4223
4225
4226
4226
4226
4227
4227
4229
4229
4231
4233
4234
4236
4236
4238
4240
4243
4245
4245
4246
4248
4248
4249
4252
4253
4256
4256
4257
4257
4259
4260
4260
4265
4266
4267
4270
4270
4271
4272
4273
4273
4274
4276
4276
4276
4276
4276
4278
4283
4284
4285
4289
4289
4290
4290
4292
4293
4296
4296
4297
4299
4303
4304
4304
4309
4311
4316
4316
4320
4321
4321
4322
4322
4323
4323
4325
4327
4329
4329
4331
4331
4332
4332
4333
4333
4335
4336
4337
4339
4339
4340
4340
4341
4341
4342
4345
4346
4346
4347
4347
4347
4348
4349
4350
4354
4354
4355
4355
4356
4361
4361
4362
4362
4363
4363
4363
4364
4364
4365
4366
4367
4367
4367
4367
4367
4368
4370
4370
4372
4378
4378
4382
4383
4384
4384
4385
4387
4388
4390
4391
4393
4393
4394
4395
4395
4396
4396
4399
4401
4402
4403
4404
4404
4404
4404
4404
4406
4408
4408
4409
4409
4409
4411
4411
4411
4412
4414
4414
4414
4416
4418
4418
4421
4422
4422
4423
4423
4425
4426
4427
4429
4431
4431
4432
4433
4433
4434
4435
4437
4451
4453
4453
4455
4455
4456
4457
4457
4457
4457
4461
4461
4464
4464
4465
4465
4466
4467
4469
4470
4472
4473
4476
4477
4477
4478
4478
4484
4484
4485
4486
4487
4488
4489
4489
4491
4492
4493
4494
4495
4497
4497
4497
4498
4499
4500
4501
4503
4505
4508
4510
4511
4512
4513
4513
4514
4514
4514
4515
4516
4517
4518
4518
4519
4519
4520
4521
4522
4523
4524
4527
4528
4531
4532
4535
4536
4537
4538
4539
4539
4539
4540
4541
4542
4544
4545
4546
4548
4552
4552
4553
4553
4554
4554
4555
4556
4556
4557
4557
4557
4558
4560
4563
4564
4565
4565
4568
4572
4573
4577
4578
4579
4580
4580
4581
4582
4582
4584
4584
4585
4586
4586
4587
4587
4588
4588
4590
4590
4590
4592
4593
4593
4593
4595
4595
4596
4598
4599
4601
4601
4602
4602
4603
4603
4609
4610
4610
4611
4612
4612
4613
4615
4615
4616
4617
4618
4618
4620
4621
4624
4625
4625
4626
4627
4628
4629
4629
4631
4632
4633
4633
4634
4634
4635
4635
4636
4637
4641
4642
4644
4645
4646
4646
4647
4647
4648
4649
4650
4650
4651
4653
4654
4654
4659
4660
4660
4660
4661
4662
4662
4662
4666
4666
4667
4667
4668
4669
4671
4672
4673
4673
4674
4675
4679
4679
4679
4680
4681
4683
4683
4684
4684
4685
4685
4686
4686
4686
4688
4690
4691
4692
4693
4694
4696
4697
4697
4699
4699
4699
4699
4700
4701
4702
4702
4703
4703
4705
4706
4708
4708
4708
4709
4710
4712
4714
4714
4716
4717
4718
4720
4720
4721
4725
4725
4725
4726
4727
4728
4731
4733
4733
4741
4743
4743
4744
4744
4745
4746
4747
4748
4749
4750
4750
4751
4752
4755
4755
4756
4757
4758
4759
4764
4768
4768
4768
4770
4771
4773
4773
4773
4775
4775
4776
4776
4777
4777
4778
4779
4779
4780
4782
4786
4788
4789
4791
4792
4792
4792
4793
4793
4793
4797
4797
4798
4799
4800
4800
4801
4801
4801
4803
4803
4804
4804
4805
4807
4807
4808
4808
4809
4809
4812
4814
4814
4816
4816
4817
4817
4819
4821
4824
4825
4827
4827
4827
4828
4829
4829
4830
4830
4832
4832
4833
4834
4834
4834
4834
4836
4836
4837
4838
4838
4838
4839
4840
4842
4843
4843
4844
4845
4846
4846
4846
4850
4850
4854
4856
4857
4857
4857
4859
4860
4863
4864
4865
4865
4869
4871
4877
4878
4879
4879
4880
4881
4881
4882
4884
4884
4885
4885
4886
4887
4888
4888
4890
4891
4893
4894
4895
4896
4897
4900
4900
4902
4902
4902
4904
4905
4905
4907
4907
4907
4908
4909
4911
4911
4912
4912
4913
4916
4917
4917
4917
4919
4919
4920
4920
4920
4921
4921
4922
4923
4923
4924
4924
4926
4929
4930
4931
4935
4939
4939
4939
4942
4942
4942
4944
4944
4945
4947
4948
4950
4950
4950
4951
4953
4954
4955
4955
4956
4957
4958
4959
4961
4962
4962
4965
4965
4967
4968
4968
4969
4969
4969
4971
4972
4973
4974
4974
4975
4977
4977
4979
4982
4985
4992
4992
4992
4994
4995
4995
4996
4996
4996
4998
4999
5000
5000
5003
5004
5004
5005
5007
5008
5009
5009
5009
5011
5011
5014
5014
5017
5023
5023
5024
5029
5031
5031
5035
5035
5036
5036
5037
5038
5040
5040
5042
5046
5046
5047
5048
5049
5049
5052
5053
5055
5056
5056
5057
5058
5058
5059
5063
5064
5064
5064
5065
5067
5067
5070
5071
5071
5073
5074
5074
5075
5076
5076
5077
5077
5078
5079
5079
5082
5084
5084
5085
5087
5087
5088
5090
5091
5093
5094
5094
5094
5095
5096
5096
5097
5097
5100
5102
5104
5104
5105
5106
5109
5110
5111
5112
5112
5112
5115
5117
5121
5121
5122
5122
5123
5124
5125
5127
5127
5127
5128
5130
5131
5132
5135
5138
5139
5141
5143
5143
5145
5145
5146
5148
5149
5150
5150
5151
5151
5152
5153
5154
5154
5155
5156
5156
5157
5158
5159
5160
5161
5162
5162
5164
5164
5165
5166
5166
5168
5169
5170
5170
5170
5172
5174
5176
5176
5178
5178
5180
5180
5180
5181
5181
5181
5184
5186
5188
5189
5190
5191
5191
5192
5192
5193
5195
5195
5196
5198
5200
5200
5202
5203
5206
5209
5209
5211
5212
5214
5215
5215
5216
5216
5217
5217
5218
5218
5218
5219
5219
5219
5220
5220
5221
5224
5228
5228
5230
5231
5231
5235
5235
5236
5238
5239
5240
5243
5244
5246
5246
5248
5250
5251
5253
5253
5254
5255
5255
5257
5260
5260
5261
5261
5261
5261
5262
5265
5266
5266
5267
5267
5268
5268
5269
5270
5270
5271
5272
5273
5274
5278
5279
5279
5280
5286
5286
5287
5287
5288
5288
5288
5289
5289
5291
5291
5291
5291
5292
5292
5295
5297
5298
5299
5301
5301
5301
5302
5303
5305
5307
5308
5309
5309
5310
5312
5315
5315
5318
5318
5319
5319
5320
5321
5323
5323
5325
5325
5327
5331
5332
5333
5333
5334
5334
5334
5335
5335
5335
5336
5337
5339
5340
5341
5342
5342
5342
5343
5344
5344
5344
5345
5346
5347
5348
5349
5350
5350
5350
5352
5353
5356
5356
5358
5361
5361
5363
5368
5371
5373
5373
5374
5376
5377
5377
5379
5380
5380
5381
5382
5382
5387
5388
5389
5389
5389
5390
5398
5399
5399
5401
5403
5403
5406
5406
5409
5409
5410
5410
5411
5412
5413
5413
5414
5414
5415
5416
5418
5418
5419
5419
5419
5421
5423
5424
5425
5425
5426
5427
5427
5427
5427
5428
5429
5429
5430
5430
5432
5434
5435
5436
5436
5438
5438
5438
5438
5443
5444
5444
5446
5447
5448
5448
5449
5451
5451
5452
5453
5454
5456
5459
5459
5459
5461
5462
5462
5462
5464
5465
5465
5467
5468
5472
5473
5473
5473
5478
5480
5482
5482
5484
5484
5486
5486
5488
5489
5490
5490
5490
5492
5493
5494
5495
5495
5499
5499
5502
5502
5505
5508
5509
5509
5510
5511
5511
5512
5513
5513
5516
5516
5516
5519
5521
5521
5521
5527
5528
5528
5529
5529
5530
5530
5531
5531
5534
5535
5535
5539
5540
5545
5545
5545
5546
5546
5546
5550
5550
5552
5552
5553
5554
5555
5555
5556
5560
5560
5560
5561
5562
5562
5565
5566
5568
5571
5573
5573
5576
5578
5578
5578
5578
5580
5581
5582
5582
5585
5585
5587
5588
5588
5589
5591
5592
5592
5593
5593
5594
5595
5596
5596
5598
5599
5603
5604
5604
5606
5606
5606
5607
5607
5608
5612
5613
5615
5615
5616
5616
5616
5620
5620
5621
5623
5625
5626
5627
5627
5628
5629
5630
5633
5634
5634
5637
5640
5641
5641
5641
5641
5642
5643
5648
5649
5649
5653
5653
5654
5655
5655
5656
5656
5656
5657
5658
5659
5660
5660
5660
5661
5662
5663
5663
5663
5663
5668
5669
5670
5670
5673
5673
5674
5676
5676
5677
5678
5678
5678
5679
5679
5681
5681
5682
5682
5686
5687
5690
5690
5692
5692
5693
5694
5695
5695
5695
5696
5698
5699
5699
5701
5701
5702
5704
5705
5705
5706
5708
5714
5714
5717
5718
5718
5719
5719
5722
5723
5724
5725
5726
5727
5727
5727
5729
5729
5732
5736
5736
5738
5740
5741
5742
5744
5745
5746
5748
5749
5754
5754
5755
5756
5757
5757
5758
5761
5761
5763
5763
5763
5763
5764
5767
5767
5768
5769
5771
5771
5771
5772
5772
5772
5773
5773
5774
5775
5775
5777
5779
5780
5780
5781
5782
5783
5783
5783
5783
5785
5785
5786
5787
5789
5790
5791
5793
5793
5794
5795
5795
5795
5795
5796
5798
5800
5801
5801
5801
5801
5803
5806
5806
5806
5807
5809
5812
5812
5814
5815
5816
5818
5818
5819
5820
5824
5824
5825
5828
5828
5829
5831
5832
5832
5832
5833
5835
5835
5836
5836
5838
5838
5841
5841
5842
5844
5844
5845
5850
5851
5852
5853
5853
5854
5855
5856
5862
5862
5864
5864
5865
5867
5867
5867
5870
5870
5871
5873
5873
5874
5875
5875
5876
5877
5878
5880
5881
5882
5882
5882
5883
5885
5889
5889
5892
5893
5893
5894
5894
5898
5899
5899
5901
5901
5904
5905
5905
5905
5906
5912
5914
5914
5915
5925
5928
5932
5933
5934
5934
5934
5934
5935
5935
5936
5937
5940
5941
5942
5942
5942
5942
5943
5943
5943
5944
5945
5945
5946
5950
5951
5951
5952
5952
5953
5953
5954
5954
5957
5957
5958
5958
5959
5959
5960
5960
5961
5961
5962
5964
5965
5966
5967
5968
5974
5974
5977
5977
5979
5979
5979
5982
5982
5983
5984
5984
5984
5986
5987
5987
5988
5988
5989
5992
5995
5996
5997
5997
5997
5999
6000
6000
6001
6003
6003
6005
6006
6006
6007
6008
6009
6009
6009
6011
6012
6016
6017
6019
6019
6021
6023
6024
6027
6027
6027
6028
6029
6030
6032
6033
6033
6033
6034
6034
6036
6036
6038
6039
6040
6043
6044
6045
6046
6047
6048
6048
6048
6049
6050
6050
6051
6054
6057
6058
6058
6058
6059
6060
6061
6062
6062
6063
6064
6065
6065
6065
6066
6070
6070
6073
6073
6073
6074
6079
6079
6079
6080
6080
6080
6083
6089
6089
6091
6091
6092
6092
6092
6093
6093
6099
6099
6100
6101
6102
6102
6103
6104
6105
6105
6106
6106
6106
6110
6111
6112
6112
6113
6113
6115
6118
6120
6120
6121
6122
6124
6124
6124
6125
6127
6128
6128
6129
6129
6130
6131
6131
6131
6131
6131
6133
6134
6134
6135
6135
6138
6138
6139
6144
6145
6146
6148
6149
6150
6150
6152
6153
6154
6154
6156
6157
6158
6158
6159
6160
6160
6163
6165
6165
6167
6168
6168
6169
6169
6172
6172
6176
6176
6177
6178
6180
6180
6184
6186
6187
6187
6188
6188
6188
6190
6195
6195
6196
6196
6197
6199
6199
6201
6201
6202
6203
6205
6206
6211
6212
6212
6213
6213
6217
6217
6219
6222
6222
6222
6224
6225
6228
6229
6230
6231
6232
6232
6233
6233
6233
6234
6234
6234
6235
6235
6236
6238
6239
6240
6240
6241
6242
6246
6246
6247
6248
6248
6253
6258
6259
6259
6261
6261
6263
6264
6264
6265
6268
6269
6269
6272
6272
6273
6275
6275
6276
6277
6277
6278
6278
6283
6284
6285
6286
6286
6286
6287
6289
6289
6290
6291
6294
6296
6296
6296
6296
6298
6299
6299
6300
6300
6303
6303
6304
6304
6305
6306
6306
6308
6310
6310
6310
6311
6312
6312
6312
6313
6314
6317
6318
6320
6320
6321
6323
6326
6327
6329
6330
6331
6333
6333
6334
6335
6335
6336
6337
6338
6339
6340
6340
6341
6341
6342
6342
6343
6344
6344
6345
6345
6346
6346
6346
6346
6347
6347
6348
6350
6350
6350
6352
6353
6354
6356
6357
6357
6357
6358
6358
6359
6359
6360
6360
6361
6362
6362
6363
6363
6364
6366
6368
6369
6370
6370
6370
6372
6376
6376
6377
6379
6379
6380
6382
6382
6382
6382
6383
6384
6385
6386
6387
6388
6389
6389
6389
6390
6391
6392
6393
6395
6395
6396
6400
6401
6401
6403
6404
6404
6410
6410
6413
6414
6415
6416
6417
6418
6424
6426
6431
6432
6432
6433
6433
6434
6436
6436
6436
6439
6445
6446
6447
6447
6447
6448
6449
6450
6452
6453
6453
6453
6455
6456
6456
6458
6459
6459
6460
6461
6462
6464
6464
6465
6465
6465
6466
6467
6470
6470
6471
6471
6474
6474
6476
6476
6476
6477
6478
6478
6479
6479
6480
6482
6484
6487
6489
6489
6489
6490
6490
6492
6494
6494
6495
6497
6499
6499
6500
6502
6504
6504
6508
6508
6508
6509
6510
6511
6512
6512
6515
6517
6517
6518
6518
6521
6522
6522
6523
6524
6525
6527
6528
6530
6531
6531
6531
6532
6532
6533
6535
6537
6537
6537
6538
6541
6541
6542
6542
6544
6545
6546
6548
6551
6551
6551
6552
6552
6553
6554
6554
6554
6554
6555
6555
6555
6556
6557
6558
6559
6560
6560
6560
6562
6563
6565
6567
6568
6569
6573
6574
6575
6575
6576
6576
6577
6577
6578
6580
6581
6581
6581
6582
6584
6584
6587
6587
6588
6588
6589
6593
6593
6597
6598
6600
6601
6603
6604
6604
6605
6609
6611
6613
6614
6614
6614
6614
6616
6616
6617
6619
6619
6622
6625
6625
6625
6626
6629
6629
6635
6636
6636
6636
6637
6637
6638
6639
6640
6640
6641
6641
6642
6644
6645
6645
6645
6646
6647
6647
6647
6654
6655
6657
6658
6658
6662
6663
6666
6666
6667
6667
6668
6668
6672
6672
6674
6675
6675
6676
6677
6677
6677
6677
6678
6679
6679
6680
6682
6682
6682
6684
6684
6687
6689
6690
6690
6691
6691
6693
6694
6695
6696
6697
6697
6698
6699
6700
6700
6700
6702
6702
6702
6702
6704
6704
6706
6707
6708
6709
6710
6710
6710
6710
6711
6711
6713
6715
6715
6717
6717
6718
6720
6720
6722
6722
6724
6724
6724
6725
6726
6728
6728
6729
6729
6730
6732
6734
6734
6734
6737
6739
6739
6741
6744
6745
6746
6746
6746
6748
6749
6750
6751
6752
6752
6753
6754
6754
6754
6758
6759
6759
6760
6760
6761
6762
6763
6764
6765
6766
6767
6769
6769
6769
6772
6772
6772
6772
6772
6773
6775
6776
6777
6777
6780
6780
6781
6784
6785
6788
6790
6790
6794
6795
6796
6797
6799
6799
6804
6805
6807
6807
6809
6809
6810
6811
6813
6813
6814
6815
6815
6815
6816
6817
6817
6817
6818
6819
6822
6822
6823
6824
6825
6828
6828
6829
6829
6829
6832
6832
6833
6834
6837
6837
6839
6842
6843
6843
6843
6845
6847
6847
6847
6848
6848
6849
6850
6852
6852
6855
6857
6858
6858
6858
6860
6861
6862
6862
6864
6864
6865
6865
6867
6869
6870
6871
6872
6872
6874
6876
6877
6878
6878
6880
6881
6882
6885
6885
6886
6886
6887
6887
6888
6890
6895
6895
6897
6897
6898
6898
6900
6900
6902
6903
6903
6906
6906
6908
6908
6909
6910
6911
6911
6912
6912
6913
6916
6920
6921
6921
6921
6925
6925
6927
6927
6927
6928
6935
6935
6935
6936
6937
6940
6941
6941
6943
6943
6943
6945
6945
6949
6951
6953
6954
6957
6957
6960
6961
6962
6964
6965
6967
6968
6969
6969
6972
6973
6974
6974
6976
6978
6978
6979
6981
6981
6986
6986
6988
6990
6990
6992
6993
6993
6994
6994
6996
6997
6997
6998
6999
7000
7001
7006
7006
7007
7009
7009
7009
7010
7011
7012
7014
7014
7018
7018
7020
7020
7023
7023
7023
7023
7024
7026
7029
7030
7030
7030
7031
7032
7036
7036
7036
7037
7037
7039
7043
7045
7046
7047
7049
7050
7051
7052
7054
7055
7056
7056
7057
7058
7060
7060
7061
7063
7063
7064
7064
7066
7066
7066
7067
7067
7068
7070
7070
7070
7072
7074
7075
7075
7076
7077
7080
7082
7083
7085
7085
7085
7086
7086
7089
7090
7091
7091
7092
7092
7092
7093
7093
7093
7094
7095
7096
7096
7096
7096
7101
7102
7102
7103
7105
7106
7109
7110
7110
7111
7111
7112
7113
7115
7115
7115
7117
7118
7119
7119
7119
7120
7120
7121
7121
7126
7126
7127
7127
7127
7128
7129
7129
7129
7130
7130
7131
7132
7133
7133
7133
7133
7134
7134
7134
7135
7135
7136
7136
7136
7137
7138
7140
7140
7140
7140
7141
7142
7143
7144
7144
7144
7146
7147
7148
7149
7150
7154
7155
7156
7156
7158
7158
7158
7158
7159
7159
7161
7162
7162
7165
7166
7167
7167
7169
7169
7171
7172
7173
7174
7176
7176
7177
7177
7178
7179
7180
7181
7182
7184
7186
7187
7188
7189
7191
7191
7191
7194
7196
7196
7197
7197
7198
7199
7199
7200
7201
7203
7203
7204
7205
7205
7206
7209
7210
7210
7210
7213
7215
7216
7217
7217
7217
7218
7218
7218
7218
7219
7219
7220
7221
7221
7222
7223
7225
7228
7228
7228
7228
7228
7229
7230
7231
7231
7232
7232
7233
7235
7236
7236
7237
7237
7237
7238
7239
7239
7242
7242
7242
7242
7243
7245
7245
7246
7250
7250
7254
7256
7258
7259
7261
7262
7262
7262
7263
7264
7270
7272
7272
7273
7273
7274
7274
7274
7274
7276
7277
7281
7281
7282
7286
7288
7289
7289
7290
7291
7292
7294
7297
7297
7297
7298
7301
7303
7304
7304
7305
7305
7308
7309
7310
7311
7314
7314
7315
7315
7316
7317
7318
7319
7321
7323
7325
7325
7325
7326
7326
7327
7330
7330
7332
7332
7333
7334
7335
7336
7336
7337
7337
7339
7339
7339
7340
7340
7341
7342
7342
7343
7343
7344
7345
7345
7346
7349
7350
7350
7350
7353
7353
7354
7356
7357
7357
7358
7361
7361
7363
7365
7365
7366
7366
7366
7366
7367
7368
7369
7371
7372
7372
7372
7373
7375
7376
7380
7384
7384
7384
7386
7386
7387
7387
7389
7390
7390
7391
7392
7393
7393
7394
7395
7399
7400
7400
7402
7404
7404
7404
7405
7405
7405
7406
7406
7407
7408
7409
7410
7414
7414
7414
7415
7416
7417
7421
7422
7425
7426
7428
7428
7429
7429
7430
7436
7437
7438
7439
7442
7442
7442
7444
7445
7445
7446
7446
7447
7449
7450
7450
7453
7453
7454
7454
7455
7455
7458
7461
7462
7465
7465
7465
7466
7467
7467
7468
7469
7471
7471
7471
7472
7472
7472
7473
7473
7473
7473
7476
7477
7478
7478
7479
7479
7480
7481
7482
7483
7484
7484
7485
7485
7485
7486
7489
7492
7493
7493
7494
7494
7499
7499
7500
7502
7502
7503
7503
7504
7505
7505
7509
7510
7511
7512
7513
7513
7514
7516
7517
7518
7519
7519
7521
7522
7523
7525
7528
7529
7529
7530
7531
7531
7533
7534
7535
7535
7536
7538
7538
7538
7538
7539
7539
7539
7541
7544
7545
7545
7547
7549
7550
7551
7552
7555
7557
7559
7561
7562
7562
7563
7563
7565
7565
7566
7566
7568
7568
7569
7569
7574
7574
7576
7576
7576
7577
7581
7582
7584
7586
7590
7590
7591
7591
7596
7597
7597
7600
7600
7601
7602
7603
7604
7605
7606
7607
7607
7609
7610
7610
7612
7615
7617
7618
7618
7622
7622
7623
7623
7624
7625
7626
7626
7626
7627
7628
7629
7630
7632
7633
7633
7633
7633
7636
7637
7638
7638
7639
7640
7640
7640
7642
7642
7642
7643
7643
7645
7645
7646
7646
7646
7649
7649
7651
7651
7652
7654
7654
7657
7657
7658
7660
7662
7663
7664
7664
7666
7667
7668
7668
7668
7668
7668
7669
7669
7671
7672
7672
7672
7673
7675
7675
7677
7678
7678
7678
7680
7680
7681
7681
7682
7683
7683
7684
7685
7686
7687
7687
7688
7689
7690
7694
7695
7696
7697
7697
7698
7698
7700
7700
7701
7701
7704
7706
7707
7707
7708
7708
7709
7712
7713
7713
7713
7715
7715
7715
7716
7717
7717
7717
7717
7718
7720
7723
7723
7723
7725
7726
7727
7732
7733
7734
7736
7738
7739
7741
7743
7743
7744
7744
7745
7745
7747
7751
7753
7755
7755
7759
7759
7760
7761
7765
7766
7767
7767
7768
7774
7777
7780
7781
7782
7783
7783
7783
7785
7786
7787
7787
7787
7791
7794
7795
7795
7799
7799
7800
7800
7801
7803
7805
7805
7806
7806
7808
7808
7809
7810
7812
7813
7814
7814
7815
7816
7818
7820
7821
7823
7823
7824
7825
7825
7826
7828
7830
7831
7831
7831
7831
7831
7833
7834
7834
7834
7835
7837
7837
7838
7839
7840
7841
7841
7842
7842
7843
7843
7844
7845
7847
7848
7849
7851
7852
7854
7857
7857
7859
7860
7863
7867
7868
7868
7868
7869
7870
7870
7870
7871
7871
7872
7873
7875
7877
7878
7882
7884
7886
7886
7887
7888
7889
7890
7893
7894
7895
7897
7898
7899
7899
7900
7901
7901
7902
7905
7905
7907
7907
7907
7908
7908
7908
7909
7910
7910
7910
7912
7913
7914
7915
7915
7916
7918
7918
7919
7919
7920
7921
7921
7921
7922
7923
7923
7924
7925
7925
7926
7926
7927
7930
7930
7933
7934
7934
7937
7937
7939
7940
7941
7942
7943
7944
7949
7949
7949
7950
7951
7951
7952
7954
7954
7956
7958
7959
7959
7961
7961
7962
7963
7964
7965
7966
7966
7968
7968
7969
7971
7971
7971
7972
7973
7975
7975
7976
7977
7977
7978
7980
7982
7983
7984
7985
7985
7986
7986
7986
7987
7987
7987
7988
7990
7990
7992
7993
7993
7993
7994
7994
7994
7995
7998
7998
7998
7999
8000
8002
8002
8002
8003
8004
8008
8009
8015
8016
8018
8018
8018
8020
8021
8022
8023
8024
8025
8027
8029
8031
8032
8032
8035
8036
8039
8040
8042
8042
8044
8046
8047
8049
8050
8051
8051
8052
8052
8053
8053
8055
8055
8058
8058
8060
8061
8061
8064
8068
8069
8069
8073
8076
8076
8078
8078
8078
8078
8078
8081
8085
8086
8087
8089
8090
8090
8091
8091
8093
8094
8097
8097
8099
8099
8100
8101
8105
8106
8106
8106
8106
8106
8113
8115
8116
8117
8118
8118
8118
8118
8120
8120
8120
8120
8122
8124
8126
8127
8128
8129
8129
8130
8130
8130
8131
8133
8134
8135
8136
8136
8137
8138
8141
8144
8144
8150
8151
8151
8152
8153
8153
8154
8154
8155
8155
8156
8158
8160
8161
8161
8161
8162
8163
8164
8165
8166
8167
8168
8169
8171
8171
8173
8173
8173
8173
8174
8176
8176
8177
8179
8179
8180
8181
8181
8181
8182
8183
8184
8184
8184
8185
8185
8189
8191
8195
8195
8196
8200
8202
8206
8206
8207
8209
8209
8209
8211
8213
8216
8216
8218
8227
8228
8229
8229
8230
8232
8232
8245
8245
8246
8246
8247
8248
8248
8250
8252
8252
8252
8253
8253
8253
8253
8256
8258
8259
8259
8259
8259
8260
8260
8260
8261
8262
8264
8267
8269
8269
8269
8270
8271
8271
8272
8273
8275
8275
8275
8277
8277
8279
8282
8284
8285
8285
8286
8287
8290
8298
8299
8300
8300
8300
8301
8302
8304
8304
8309
8311
8314
8316
8317
8319
8320
8321
8324
8324
8325
8325
8326
8327
8327
8327
8327
8330
8330
8331
8333
8340
8340
8344
8344
8347
8348
8348
8349
8349
8351
8351
8352
8353
8354
8357
8358
8358
8359
8360
8361
8366
8370
8372
8372
8372
8374
8375
8376
8376
8378
8379
8381
8382
8383
8384
8389
8389
8389
8390
8392
8393
8393
8394
8395
8395
8396
8396
8396
8398
8399
8401
8402
8403
8404
8405
8405
8406
8407
8407
8408
8408
8409
8410
8412
8413
8413
8415
8415
8416
8418
8419
8419
8428
8428
8430
8431
8432
8435
8435
8435
8436
8436
8437
8438
8440
8442
8442
8442
8446
8447
8448
8450
8450
8453
8454
8456
8456
8460
8460
8462
8464
8466
8469
8470
8470
8471
8471
8472
8473
8474
8476
8477
8477
8479
8480
8480
8480
8481
8482
8482
8484
8486
8488
8490
8493
8494
8495
8496
8497
8497
8497
8497
8500
8500
8502
8503
8505
8505
8505
8505
8506
8506
8506
8509
8510
8510
8514
8514
8517
8518
8520
8521
8521
8521
8525
8527
8527
8528
8530
8531
8532
8532
8532
8533
8534
8535
8536
8537
8538
8540
8541
8542
8542
8543
8544
8545
8546
8552
8554
8554
8556
8556
8556
8559
8559
8560
8562
8565
8567
8567
8567
8576
8577
8583
8584
8585
8585
8586
8586
8586
8590
8593
8594
8595
8595
8595
8596
8599
8601
8602
8603
8603
8603
8604
8605
8606
8606
8608
8608
8608
8609
8610
8614
8614
8614
8617
8620
8622
8624
8624
8625
8626
8626
8629
8629
8632
8632
8634
8635
8636
8636
8637
8637
8639
8639
8640
8640
8641
8643
8643
8645
8645
8646
8647
8650
8652
8653
8656
8657
8657
8658
8658
8658
8658
8660
8661
8661
8664
8665
8667
8668
8670
8671
8676
8677
8678
8680
8684
8686
8687
8688
8689
8691
8691
8691
8691
8691
8691
8692
8696
8697
8697
8697
8699
8700
8700
8700
8702
8703
8704
8705
8707
8708
8709
8709
8709
8709
8713
8714
8717
8720
8720
8721
8722
8722
8722
8723
8723
8724
8725
8729
8729
8729
8731
8732
8732
8732
8733
8733
8734
8734
8737
8737
8738
8739
8740
8742
8742
8743
8743
8746
8746
8747
8748
8752
8753
8754
8754
8754
8754
8755
8755
8756
8757
8760
8760
8762
8764
8765
8766
8767
8767
8767
8769
8770
8771
8771
8773
8774
8775
8775
8775
8775
8776
8777
8777
8778
8778
8779
8780
8783
8783
8784
8785
8785
8789
8790
8790
8792
8792
8794
8794
8795
8797
8798
8801
8803
8803
8806
8808
8808
8811
8813
8814
8815
8815
8815
8816
8817
8818
8819
8820
8821
8822
8822
8822
8823
8824
8828
8830
8830
8831
8832
8832
8832
8833
8834
8834
8835
8839
8840
8840
8841
8841
8842
8845
8845
8846
8847
8849
8853
8855
8855
8857
8857
8859
8862
8863
8864
8868
8871
8871
8872
8873
8874
8875
8877
8877
8878
8878
8879
8879
8881
8881
8882
8882
8882
8886
8886
8886
8887
8889
8889
8890
8890
8892
8892
8892
8894
8896
8896
8897
8898
8899
8900
8901
8901
8901
8903
8903
8903
8905
8907
8910
8910
8910
8911
8912
8914
8915
8915
8915
8916
8916
8918
8920
8920
8922
8923
8924
8927
8929
8931
8931
8931
8933
8934
8936
8936
8938
8942
8944
8946
8946
8950
8950
8951
8951
8951
8953
8953
8954
8956
8956
8958
8958
8959
8960
8962
8963
8964
8964
8964
8966
8967
8969
8974
8974
8977
8980
8980
8982
8982
8984
8987
8987
8987
8987
8988
8992
8992
8992
8994
8995
8995
8998
8999
8999
9000
9000
9001
9001
9003
9003
9004
9004
9007
9008
9010
9010
9011
9012
9012
9013
9014
9015
9017
9017
9018
9019
9019
9020
9020
9021
9022
9023
9025
9025
9026
9026
9026
9027
9027
9028
9033
9033
9034
9035
9035
9040
9040
9041
9044
9044
9046
9047
9048
9048
9058
9060
9061
9061
9062
9063
9063
9063
9064
9065
9066
9066
9066
9066
9067
9067
9069
9069
9071
9072
9073
9073
9074
9074
9076
9076
9076
9077
9080
9082
9083
9084
9085
9086
9086
9087
9087
9087
9089
9089
9091
9091
9094
9098
9100
9101
9101
9101
9102
9103
9104
9105
9106
9108
9108
9109
9110
9111
9112
9112
9113
9114
9116
9117
9118
9122
9124
9124
9124
9126
9127
9128
9129
9129
9130
9136
9137
9137
9138
9140
9141
9141
9141
9142
9144
9146
9147
9148
9151
9152
9152
9153
9154
9156
9156
9157
9160
9160
9161
9161
9161
9161
9162
9162
9164
9164
9168
9169
9170
9171
9171
9174
9175
9176
9176
9178
9178
9180
9181
9182
9184
9184
9185
9186
9186
9187
9189
9191
9193
9193
9194
9195
9195
9196
9199
9200
9201
9201
9201
9202
9202
9203
9203
9205
9205
9207
9207
9212
9217
9217
9221
9221
9226
9226
9227
9230
9230
9232
9232
9232
9232
9234
9235
9236
9238
9239
9239
9241
9241
9242
9242
9243
9245
9247
9248
9250
9251
9251
9252
9254
9255
9255
9255
9257
9257
9258
9259
9261
9262
9263
9264
9264
9265
9267
9267
9267
9268
9268
9269
9271
9271
9274
9274
9276
9282
9286
9287
9287
9288
9291
9292
9293
9294
9294
9295
9297
9297
9298
9300
9300
9304
9304
9304
9304
9304
9308
9309
9310
9316
9316
9317
9319
9320
9320
9321
9322
9322
9323
9325
9325
9325
9325
9325
9326
9327
9328
9330
9330
9330
9334
9335
9338
9339
9340
9344
9344
9345
9346
9346
9347
9347
9348
9349
9351
9353
9354
9354
9354
9355
9355
9356
9358
9359
9359
9360
9362
9363
9364
9364
9364
9365
9366
9367
9368
9368
9368
9368
9370
9372
9372
9374
9374
9374
9378
9379
9382
9387
9388
9388
9388
9388
9389
9389
9391
9391
9391
9392
9392
9393
9393
9393
9394
9394
9396
9399
9400
9403
9403
9403
9405
9406
9409
9409
9409
9410
9410
9411
9412
9413
9414
9416
9416
9417
9417
9419
9419
9419
9420
9420
9421
9423
9424
9424
9426
9427
9429
9429
9429
9430
9430
9431
9432
9432
9433
9433
9434
9436
9438
9439
9439
9440
9440
9443
9443
9444
9445
9445
9446
9446
9446
9446
9447
9447
9450
9451
9456
9458
9459
9459
9460
9462
9463
9464
9465
9467
9467
9468
9468
9469
9470
9472
9472
9473
9474
9474
9474
9474
9476
9477
9479
9480
9481
9483
9485
9486
9487
9489
9490
9492
9493
9494
9498
9498
9498
9499
9500
9501
9502
9506
9507
9509
9509
9510
9510
9510
9511
9511
9512
9513
9513
9515
9516
9516
9520
9520
9520
9521
9523
9523
9523
9524
9525
9525
9526
9526
9528
9528
9528
9530
9530
9534
9534
9536
9537
9537
9541
9543
9544
9544
9547
9547
9550
9550
9551
9552
9553
9557
9557
9558
9559
9560
9560
9561
9562
9562
9564
9566
9568
9568
9569
9570
9572
9572
9573
9576
9580
9581
9585
9587
9588
9588
9588
9588
9589
9589
9591
9592
9592
9594
9594
9595
9597
9598
9598
9598
9598
9599
9599
9599
9600
9600
9606
9606
9606
9606
9610
9612
9614
9615
9616
9618
9618
9618
9620
9621
9623
9623
9626
9627
9631
9633
9633
9636
9636
9636
9637
9637
9639
9639
9639
9640
9642
9644
9645
9645
9646
9647
9647
9654
9654
9655
9656
9658
9658
9659
9659
9660
9662
9664
9664
9665
9666
9666
9667
9668
9673
9673
9675
9676
9677
9677
9678
9679
9680
9680
9680
9683
9684
9685
9686
9686
9687
9688
9688
9689
9689
9690
9690
9692
9694
9695
9695
9695
9696
9698
9700
9701
9701
9701
9704
9706
9707
9708
9708
9709
9709
9710
9710
9711
9711
9713
9715
9716
9718
9720
9722
9722
9722
9723
9723
9725
9726
9729
9729
9731
9731
9731
9732
9734
9735
9735
9736
9736
9739
9739
9740
9741
9742
9745
9746
9748
9748
9749
9749
9750
9753
9755
9757
9760
9761
9761
9761
9763
9763
9764
9764
9766
9769
9770
9771
9772
9773
9774
9774
9775
9776
9776
9778
9778
9778
9782
9782
9782
9785
9786
9787
9787
9788
9790
9791
9792
9792
9792
9796
9798
9799
9804
9805
9806
9806
9807
9809
9809
9809
9809
9811
9811
9812
9812
9814
9814
9816
9816
9818
9821
9823
9823
9824
9824
9825
9825
9826
9826
9827
9828
9829
9829
9830
9830
9830
9830
9831
9832
9833
9834
9834
9836
9837
9837
9838
9838
9838
9840
9840
9841
9842
9845
9845
9845
9846
9847
9847
9848
9848
9849
9849
9850
9850
9850
9853
9853
9854
9855
9855
9856
9856
9859
9860
9865
9866
9867
9867
9872
9872
9873
9873
9874
9874
9875
9876
9877
9877
9877
9878
9880
9880
9880
9881
9882
9883
9884
9886
9891
9892
9892
9892
9892
9893
9894
9894
9895
9899
9899
9900
9900
9900
9901
9901
9903
9904
9907
9908
9909
9910
9910
9911
9912
9915
9915
9916
9919
9920
9921
9922
9923
9925
9925
9925
9926
9926
9926
9927
9928
9928
9929
9930
9931
9932
9932
9932
9933
9933
9934
9935
9937
9937
9938
9939
9941
9943
9944
9947
9949
9950
9950
9954
9961
9964
9966
9967
9969
9970
9975
9976
9977
9977
9978
9978
9979
9982
9982
9982
9983
9986
9990
9992
9993
9997
9999
