0
3
6
7
8
10
11
12
13
14
15
16
18
19
20
21
22
25
26
27
28
29
31
31
32
34
35
37
38
39
41
44
45
47
48
50
51
51
52
54
55
56
57
58
59
59
61
63
64
65
66
68
69
70
71
72
73
74
74
76
78
79
80
82
83
85
86
87
88
91
92
93
95
97
99
100
101
103
105
106
108
112
112
113
113
116
117
118
121
122
123
124
126
127
128
129
130
132
133
134
135
136
137
138
138
139
142
145
147
148
150
152
153
156
157
159
160
160
161
162
163
164
165
166
167
168
169
170
173
174
175
177
178
179
180
182
183
183
185
186
187
188
189
190
191
192
194
196
197
201
202
204
209
209
210
212
214
216
217
218
220
221
222
223
224
225
226
228
230
231
234
237
238
240
242
243
243
244
245
246
247
248
249
250
254
255
256
257
261
262
263
265
266
267
268
269
270
271
272
272
274
276
277
279
280
281
282
284
285
286
287
288
289
292
293
294
295
296
297
298
303
304
305
306
307
308
309
311
312
313
314
315
317
318
319
320
324
325
326
327
328
329
329
330
330
332
333
336
337
340
341
342
343
344
347
348
349
350
351
352
353
355
356
358
360
363
364
365
366
367
369
370
371
372
373
374
376
380
381
382
383
384
389
390
392
393
395
396
396
397
399
400
403
406
407
408
412
413
414
416
416
417
418
419
421
422
424
425
426
427
428
429
430
431
433
434
435
436
438
438
439
440
441
443
445
447
449
450
451
452
453
455
456
457
459
460
461
463
465
466
468
469
470
471
472
473
474
475
478
479
480
481
483
484
486
487
489
490
491
493
494
495
495
496
499
501
502
503
505
507
509
510
511
512
513
514
515
516
517
518
519
520
521
524
526
527
528
529
530
531
533
534
534
536
537
538
539
541
545
546
550
555
555
556
557
558
559
560
561
562
563
564
565
566
568
568
569
570
571
572
573
574
575
576
578
580
581
582
583
585
588
589
590
592
593
594
596
597
598
599
600
601
602
603
604
608
609
610
611
612
613
615
616
617
618
619
620
622
624
625
627
628
634
635
636
638
638
640
642
643
644
644
645
646
647
648
649
650
653
655
656
658
662
664
665
666
667
668
669
670
671
672
672
675
676
677
678
679
681
682
683
684
685
686
686
687
688
690
691
693
696
697
698
700
704
705
706
707
711
712
713
715
717
718
720
721
725
726
727
728
729
730
731
733
735
737
738
739
742
744
745
747
748
749
751
752
753
755
756
756
757
758
759
760
762
763
764
765
766
767
769
770
771
772
774
776
778
779
780
782
783
784
785
786
787
788
789
790
791
793
794
796
797
798
799
802
803
805
807
808
811
812
813
814
815
817
818
820
823
824
826
827
828
829
830
831
832
833
834
837
840
842
843
844
845
846
847
847
849
850
851
852
853
856
858
859
860
861
862
863
864
865
866
867
868
869
870
871
872
873
874
875
876
878
879
880
882
883
884
885
887
888
889
891
892
893
894
895
896
897
898
899
900
901
902
903
904
905
906
908
909
910
911
912
913
915
915
917
920
922
924
926
927
928
930
931
931
932
933
934
934
935
938
939
940
941
942
943
944
949
950
952
953
954
955
957
958
958
960
964
965
966
967
971
972
973
974
975
976
978
980
983
984
985
986
987
988
989
991
993
994
995
996
998
999
1025
1142
1152
1205
1220
1239
1241
1260
1271
1298
1304
1362
1373
1376
1384
1411
1416
1445
1454
1465
1465
1474
1480
1509
1513
1524
1533
1557
1617
1640
1696
1740
1824
1854
1865
1900
1969
2030
2036
2039
2078
2080
2102
2118
2144
2170
2196
2201
2204
2223
2240
2249
2254
2272
2281
2293
2300
2301
2347
2375
2435
2471
2473
2506
2528
2532
2580
2586
2639
2664
2678
2681
2704
2724
2750
2846
2883
2911
2956
2978
3075
3118
3163
3168
3243
3243
3248
3265
3320
3388
3391
3393
3444
3454
3471
3513
3527
3592
3603
3654
3669
3751
3816
3876
3935
3955
4022
4055
4084
4091
4112
4149
4158
4162
4173
4175
4265
4329
4423
4453
4465
4513
4518
4522
4557
4572
4590
4653
4673
4718
4725
4731
4782
4799
4803
4834
4917
5123
5150
5153
5166
5186
5209
5238
5287
5302
5323
5462
5464
5578
5592
5607
5608
5771
5785
5874
5877
5899
5961
6001
6043
6065
6066
6128
6150
6333
6346
6350
6400
6508
6522
6541
6642
6672
6713
6746
6760
6813
6813
6990
6996
7018
7072
7112
7119
7140
7155
7186
7217
7217
7218
7242
7281
7294
7326
7342
7343
7372
7404
7404
7405
7428
7445
7502
7565
7568
7576
7600
7618
7682
7689
7725
7821
7842
7869
7910
7918
7971
7985
8091
8191
8261
8264
8279
8301
8330
8382
8390
8431
8435
8450
8608
8665
8717
8722
8767
8797
8801
8834
8890
8920
9066
9069
9085
9124
9168
9189
9297
9339
9406
9439
9510
9515
9516
9566
9570
9599
9642
9698
9710
9736
9830
9855
9932
9950
