0
1
1
2
2
3
3
5
7
8
9
10
10
11
11
12
12
12
13
14
15
16
17
17
18
19
19
22
22
23
24
25
26
28
28
30
31
32
35
38
39
40
41
43
43
45
45
46
46
47
48
48
50
50
51
52
54
54
55
56
57
59
60
61
64
65
66
66
67
67
68
69
70
71
71
72
72
73
74
74
75
75
75
76
76
77
78
79
79
79
81
81
82
84
85
87
89
90
91
92
94
94
95
96
97
99
99
100
102
102
104
105
105
106
106
108
109
109
110
111
111
112
112
113
114
115
116
116
118
121
123
124
125
126
126
127
128
129
130
131
132
132
133
134
135
136
137
137
139
141
141
142
144
145
145
146
146
146
147
148
149
149
149
151
152
152
153
154
155
156
156
157
158
159
160
161
161
163
167
168
169
170
172
172
172
175
175
176
177
178
180
181
182
182
185
186
189
190
190
192
192
194
194
196
197
197
198
198
198
199
200
201
203
205
207
208
208
209
211
211
212
213
215
216
217
218
218
218
219
220
221
221
223
223
223
223
224
225
225
227
228
229
229
230
231
232
232
233
234
234
235
236
237
238
238
242
242
242
243
244
245
245
246
248
249
250
250
251
252
253
253
255
255
256
257
257
258
259
260
261
261
262
264
265
266
266
268
268
269
269
269
270
270
273
273
275
275
276
277
277
278
280
283
283
284
285
285
287
287
288
290
291
291
292
293
294
294
294
296
297
297
297
298
298
300
301
302
302
303
303
305
305
308
311
312
313
316
318
318
319
320
320
321
323
324
327
329
330
330
330
331
332
333
333
334
335
336
337
337
339
339
339
340
341
342
343
344
344
344
344
345
346
347
348
348
349
351
351
352
354
355
356
356
358
359
360
361
361
362
362
364
364
365
366
366
366
367
367
368
368
369
370
371
371
373
373
375
376
376
379
380
381
382
383
384
384
387
387
389
389
389
391
392
393
394
395
396
397
397
398
399
400
401
401
403
404
404
405
405
405
406
406
409
409
410
412
413
415
415
417
417
418
419
420
421
422
423
423
425
426
427
428
428
429
431
432
432
433
434
434
434
435
436
437
439
440
441
443
445
445
446
446
448
449
450
452
452
454
454
455
455
456
456
456
457
458
459
460
461
462
463
464
465
466
467
468
468
468
469
470
471
472
473
473
475
476
478
479
479
479
480
481
482
484
485
487
488
489
490
491
492
493
497
498
500
502
503
503
504
506
506
507
508
509
509
510
511
512
513
513
514
516
517
518
519
519
520
520
521
521
522
522
522
523
524
525
526
527
529
530
531
532
533
536
536
537
537
538
539
540
541
542
544
544
544
545
546
547
548
550
550
550
551
552
553
554
556
559
561
562
563
564
565
566
566
566
568
569
569
571
572
573
575
575
575
576
577
578
579
580
580
582
583
583
584
585
586
587
589
590
591
592
593
593
596
597
598
599
600
602
604
605
605
606
608
609
609
610
611
612
613
615
617
618
619
621
623
623
624
624
625
625
626
627
628
630
631
631
633
633
635
635
636
637
638
640
640
641
641
641
641
642
643
644
645
645
646
647
647
649
650
650
652
653
654
655
656
657
657
659
660
660
662
663
664
665
665
667
668
669
670
672
675
675
677
677
679
679
681
682
683
683
684
685
687
688
688
689
690
691
691
692
693
693
694
695
696
697
697
697
698
699
699
700
700
702
703
704
705
708
709
710
711
712
713
713
714
716
718
719
721
721
722
722
723
724
724
724
725
725
726
727
728
729
730
731
732
733
733
733
736
736
737
737
738
741
744
744
745
746
747
747
749
749
751
752
753
755
756
757
757
758
759
759
760
761
762
763
764
766
767
769
770
771
772
773
774
775
776
777
778
778
778
778
779
780
780
781
784
784
785
786
787
788
789
789
789
789
790
790
791
791
792
793
793
796
797
798
800
801
802
803
803
804
804
804
805
806
807
807
808
809
810
811
813
815
816
817
818
818
819
820
820
821
822
823
825
826
830
831
832
834
837
839
839
840
842
842
843
843
844
845
848
848
849
850
850
851
852
853
856
857
859
859
860
861
861
862
863
864
865
865
865
866
868
870
871
873
874
874
875
875
876
877
878
879
879
880
880
882
882
883
884
885
886
888
889
890
890
892
893
893
894
895
896
898
899
900
901
902
902
902
903
904
904
904
905
907
908
909
911
911
912
913
913
914
914
916
918
920
921
922
924
925
926
926
927
928
929
929
929
930
931
931
934
934
935
935
936
936
938
939
940
940
942
942
945
946
946
947
948
948
950
951
952
953
953
954
955
956
956
957
961
962
963
963
964
965
966
966
967
968
969
969
970
971
974
975
976
977
977
978
979
980
981
982
984
985
986
986
987
987
988
990
991
992
993
994
994
995
996
999
999
1000
1001
1001
1002
1002
1003
1004
1006
1006
1007
1008
1008
1010
1011
1012
1012
1013
1014
1015
1016
1017
1018
1019
1020
1021
1022
1023
1024
1025
1026
1027
1028
1029
1031
1031
1033
1033
1034
1035
1036
1036
1037
1037
1039
1042
1042
1043
1044
1045
1045
1045
1046
1046
1048
1048
1048
1049
1049
1049
1053
1054
1055
1055
1057
1058
1060
1060
1061
1064
1064
1065
1066
1066
1066
1067
1068
1068
1069
1070
1070
1071
1072
1072
1075
1076
1077
1079
1080
1081
1082
1083
1084
1085
1086
1088
1088
1089
1089
1090
1091
1092
1092
1093
1094
1095
1097
1098
1098
1099
1099
1100
1102
1102
1102
1104
1105
1106
1107
1108
1109
1110
1113
1114
1115
1116
1117
1120
1120
1120
1121
1121
1122
1124
1125
1126
1127
1127
1128
1129
1130
1130
1131
1132
1133
1134
1134
1135
1135
1136
1138
1139
1141
1142
1143
1144
1145
1145
1146
1147
1149
1150
1150
1151
1152
1152
1154
1155
1155
1156
1156
1157
1157
1158
1158
1159
1159
1160
1161
1164
1165
1166
1167
1168
1169
1170
1171
1172
1172
1174
1174
1175
1177
1177
1178
1179
1180
1182
1183
1184
1184
1184
1185
1186
1187
1188
1188
1189
1189
1190
1191
1192
1193
1195
1195
1197
1198
1200
1201
1202
1202
1202
1203
1203
1204
1205
1206
1209
1210
1211
1213
1214
1215
1217
1218
1219
1220
1221
1222
1222
1223
1223
1224
1224
1226
1227
1227
1228
1229
1230
1231
1231
1231
1232
1233
1234
1235
1235
1236
1237
1238
1239
1239
1240
1240
1241
1242
1243
1244
1244
1245
1245
1245
1246
1248
1249
1250
1251
1251
1252
1253
1254
1254
1255
1255
1256
1257
1259
1260
1261
1261
1262
1263
1264
1264
1265
1266
1268
1269
1270
1271
1272
1272
1273
1273
1274
1275
1278
1278
1278
1278
1279
1280
1281
1281
1282
1283
1283
1284
1285
1287
1288
1289
1290
1290
1290
1291
1293
1293
1293
1294
1294
1294
1294
1295
1296
1297
1298
1298
1298
1299
1300
1301
1302
1302
1304
1305
1307
1308
1309
1310
1311
1312
1312
1313
1314
1315
1315
1317
1317
1317
1318
1319
1319
1321
1321
1322
1324
1325
1326
1327
1328
1329
1330
1331
1336
1337
1337
1338
1340
1341
1342
1344
1348
1349
1349
1350
1351
1352
1352
1353
1353
1354
1356
1356
1356
1357
1359
1362
1363
1364
1364
1365
1366
1367
1367
1368
1368
1369
1370
1371
1372
1373
1374
1375
1376
1376
1376
1377
1378
1380
1382
1383
1384
1386
1388
1388
1388
1388
1389
1390
1393
1394
1395
1396
1397
1397
1398
1399
1400
1401
1402
1402
1405
1406
1408
1409
1409
1411
1412
1413
1414
1414
1415
1415
1415
1417
1418
1420
1421
1421
1421
1421
1422
1423
1424
1425
1427
1429
1429
1430
1432
1432
1432
1433
1434
1434
1435
1436
1437
1438
1439
1440
1441
1442
1443
1444
1445
1445
1447
1447
1448
1450
1450
1452
1453
1454
1455
1455
1455
1456
1457
1457
1458
1459
1460
1461
1462
1462
1463
1463
1466
1466
1467
1469
1469
1469
1470
1470
1471
1472
1474
1475
1476
1476
1477
1477
1478
1479
1479
1480
1480
1481
1481
1481
1483
1483
1484
1485
1486
1487
1487
1488
1488
1489
1490
1491
1492
1493
1494
1494
1496
1499
1500
1500
1501
1503
1504
1507
1508
1509
1510
1510
1511
1511
1512
1512
1513
1514
1515
1517
1517
1518
1521
1522
1523
1524
1525
1526
1527
1527
1528
1529
1531
1533
1533
1535
1536
1537
1538
1540
1541
1542
1543
1543
1544
1544
1546
1546
1547
1548
1549
1550
1551
1552
1552
1552
1553
1554
1554
1554
1555
1556
1556
1556
1557
1558
1559
1560
1562
1563
1565
1565
1567
1567
1568
1568
1569
1569
1569
1570
1571
1572
1573
1574
1575
1576
1576
1576
1577
1580
1580
1581
1582
1584
1585
1586
1587
1587
1588
1589
1590
1592
1593
1593
1594
1596
1597
1598
1599
1600
1600
1600
1601
1602
1602
1603
1605
1606
1606
1607
1608
1611
1612
1612
1614
1614
1616
1616
1616
1617
1618
1619
1620
1622
1622
1623
1623
1624
1624
1625
1625
1626
1627
1627
1628
1628
1629
1630
1630
1630
1631
1633
1633
1634
1634
1635
1635
1635
1636
1636
1637
1638
1639
1639
1640
1642
1642
1644
1645
1646
1647
1647
1647
1648
1650
1652
1653
1654
1656
1657
1658
1660
1661
1662
1662
1664
1664
1665
1665
1667
1669
1672
1674
1674
1675
1676
1677
1678
1680
1681
1681
1682
1682
1683
1683
1684
1685
1686
1686
1686
1686
1687
1687
1687
1690
1691
1692
1693
1693
1694
1694
1695
1695
1696
1697
1698
1699
1700
1700
1701
1703
1704
1704
1705
1705
1706
1706
1708
1709
1710
1710
1710
1713
1715
1715
1716
1717
1720
1721
1721
1722
1722
1723
1723
1723
1724
1726
1730
1732
1732
1733
1734
1734
1736
1738
1738
1738
1739
1740
1741
1742
1744
1745
1745
1748
1750
1751
1751
1752
1752
1753
1756
1756
1759
1760
1760
1761
1762
1763
1765
1766
1768
1769
1770
1771
1771
1772
1773
1774
1775
1775
1778
1778
1780
1780
1781
1782
1783
1783
1784
1785
1786
1787
1787
1788
1788
1789
1789
1790
1790
1790
1792
1792
1793
1794
1795
1796
1797
1797
1798
1798
1799
1800
1801
1801
1801
1802
1803
1804
1805
1806
1807
1808
1808
1809
1811
1811
1812
1813
1814
1815
1816
1819
1821
1821
1822
1823
1824
1826
1827
1827
1828
1829
1830
1830
1831
1831
1832
1833
1834
1835
1838
1839
1840
1841
1841
1841
1842
1843
1843
1844
1844
1845
1846
1847
1848
1850
1850
1850
1852
1853
1853
1854
1855
1857
1858
1859
1860
1860
1861
1862
1864
1865
1865
1866
1866
1867
1867
1868
1869
1870
1871
1872
1872
1874
1874
1874
1874
1875
1875
1876
1877
1877
1878
1878
1879
1879
1879
1881
1884
1885
1886
1887
1888
1888
1888
1889
1889
1889
1890
1891
1891
1891
1894
1896
1897
1898
1898
1899
1900
1900
1901
1901
1902
1902
1903
1906
1907
1908
1909
1910
1910
1910
1911
1911
1912
1913
1915
1915
1916
1917
1917
1918
1920
1921
1926
1927
1927
1928
1929
1929
1930
1930
1933
1933
1934
1934
1935
1936
1938
1940
1941
1943
1944
1944
1944
1945
1946
1947
1948
1948
1949
1949
1950
1951
1951
1952
1953
1954
1954
1955
1955
1956
1957
1958
1960
1962
1962
1963
1963
1964
1965
1966
1967
1968
1969
1971
1972
1972
1973
1973
1974
1978
1979
1979
1979
1980
1981
1982
1984
1985
1986
1987
1989
1990
1992
1993
1993
1993
1994
1995
1995
1995
1997
1997
1997
1998
1998
1998
1998
1999
1999
2000
2001
2002
2003
2004
2005
2006
2006
2006
2007
2008
2008
2008
2008
2009
2010
2011
2013
2014
2014
2015
2015
2016
2016
2016
2019
2019
2019
2021
2022
2023
2023
2024
2024
2026
2027
2027
2029
2030
2032
2033
2034
2035
2036
2037
2038
2039
2040
2040
2040
2041
2042
2042
2043
2043
2044
2045
2045
2046
2047
2048
2049
2050
2051
2052
2053
2054
2055
2056
2056
2057
2058
2061
2062
2063
2064
2065
2066
2067
2068
2068
2069
2070
2070
2070
2072
2072
2073
2074
2075
2075
2076
2077
2077
2078
2079
2079
2079
2079
2080
2080
2081
2082
2083
2084
2084
2085
2085
2085
2086
2087
2088
2089
2091
2092
2094
2095
2096
2099
2101
2101
2101
2102
2102
2102
2103
2103
2104
2106
2107
2108
2109
2111
2112
2112
2113
2113
2114
2115
2116
2117
2119
2120
2121
2122
2123
2123
2124
2125
2125
2126
2128
2128
2129
2129
2130
2130
2130
2131
2131
2132
2133
2134
2134
2135
2136
2136
2137
2138
2139
2140
2140
2141
2142
2142
2143
2143
2144
2146
2147
2148
2149
2151
2151
2152
2152
2153
2154
2154
2155
2155
2158
2158
2159
2160
2161
2162
2163
2163
2163
2164
2165
2166
2167
2168
2169
2169
2170
2170
2171
2172
2172
2173
2174
2175
2177
2177
2178
2179
2180
2180
2181
2181
2183
2186
2188
2190
2190
2190
2191
2192
2193
2193
2193
2194
2197
2198
2201
2202
2204
2206
2207
2207
2210
2211
2212
2213
2213
2213
2216
2216
2217
2217
2217
2219
2223
2223
2224
2226
2227
2227
2228
2229
2229
2231
2231
2231
2232
2233
2233
2234
2235
2235
2236
2236
2237
2238
2241
2242
2244
2244
2245
2246
2246
2248
2249
2251
2252
2253
2254
2255
2256
2257
2258
2259
2259
2260
2261
2262
2263
2264
2265
2265
2268
2268
2268
2270
2271
2271
2272
2274
2274
2275
2276
2278
2279
2280
2281
2282
2282
2284
2286
2288
2288
2289
2290
2292
2293
2293
2293
2293
2294
2295
2296
2296
2298
2299
2300
2302
2302
2303
2306
2308
2308
2309
2311
2312
2312
2313
2314
2315
2316
2318
2319
2320
2320
2320
2321
2321
2322
2323
2324
2325
2327
2328
2329
2329
2332
2333
2334
2336
2337
2338
2339
2340
2341
2342
2342
2344
2345
2346
2347
2349
2349
2350
2350
2352
2354
2354
2355
2356
2357
2359
2360
2361
2362
2363
2365
2366
2366
2366
2367
2367
2368
2368
2370
2370
2371
2372
2373
2374
2374
2379
2379
2380
2380
2382
2383
2384
2384
2385
2385
2386
2389
2393
2395
2396
2396
2397
2398
2398
2399
2399
2400
2403
2404
2404
2405
2406
2406
2407
2407
2408
2411
2411
2412
2412
2413
2414
2414
2416
2418
2419
2419
2420
2422
2423
2424
2424
2424
2425
2426
2426
2427
2427
2428
2430
2433
2434
2435
2436
2436
2438
2439
2440
2441
2442
2442
2443
2444
2445
2446
2447
2447
2448
2448
2449
2450
2451
2452
2452
2453
2454
2454
2455
2455
2455
2456
2457
2458
2459
2460
2462
2463
2463
2464
2465
2466
2466
2467
2468
2471
2472
2473
2475
2476
2478
2478
2481
2482
2484
2485
2485
2486
2488
2489
2489
2491
2493
2495
2495
2496
2497
2498
2498
2499
2503
2504
2505
2505
2506
2507
2508
2509
2510
2511
2512
2512
2512
2514
2515
2516
2518
2519
2519
2519
2521
2521
2522
2523
2525
2525
2526
2527
2528
2530
2531
2533
2535
2535
2536
2537
2537
2539
2539
2540
2542
2542
2544
2544
2545
2545
2547
2547
2548
2549
2550
2551
2552
2554
2554
2555
2556
2556
2557
2558
2558
2561
2562
2563
2564
2564
2565
2566
2566
2568
2568
2569
2569
2570
2571
2572
2572
2573
2574
2574
2575
2575
2576
2578
2579
2580
2580
2580
2582
2584
2584
2586
2587
2588
2590
2590
2593
2595
2596
2597
2597
2598
2598
2600
2600
2601
2602
2602
2602
2602
2603
2604
2605
2605
2605
2606
2607
2608
2609
2610
2611
2611
2613
2613
2615
2616
2617
2618
2619
2619
2619
2620
2621
2621
2622
2626
2627
2627
2628
2629
2630
2630
2631
2632
2632
2633
2633
2635
2635
2636
2637
2638
2639
2639
2641
2641
2642
2643
2645
2646
2647
2648
2649
2651
2651
2652
2652
2652
2653
2655
2655
2656
2657
2657
2658
2658
2659
2659
2660
2662
2663
2664
2664
2665
2666
2667
2668
2669
2670
2671
2672
2673
2674
2674
2677
2679
2679
2681
2682
2683
2684
2685
2686
2686
2687
2688
2688
2689
2690
2690
2690
2692
2695
2696
2696
2697
2697
2698
2699
2699
2700
2703
2704
2706
2708
2709
2710
2711
2711
2713
2713
2713
2715
2716
2717
2717
2717
2718
2720
2721
2722
2724
2725
2727
2728
2728
2729
2729
2730
2730
2731
2731
2732
2732
2734
2737
2739
2741
2742
2743
2743
2744
2745
2746
2746
2747
2748
2749
2750
2751
2752
2754
2755
2755
2756
2756
2757
2757
2757
2758
2758
2758
2759
2760
2761
2761
2762
2764
2765
2765
2767
2768
2769
2771
2772
2773
2773
2775
2776
2780
2780
2781
2781
2783
2784
2785
2786
2786
2787
2787
2788
2789
2790
2790
2793
2795
2796
2797
2799
2799
2801
2802
2803
2803
2804
2807
2807
2808
2810
2811
2812
2813
2813
2814
2815
2816
2817
2817
2818
2819
2820
2821
2822
2823
2824
2825
2827
2828
2829
2831
2832
2832
2834
2834
2835
2837
2839
2839
2840
2841
2841
2842
2843
2844
2844
2845
2846
2847
2848
2849
2849
2850
2852
2853
2854
2854
2855
2856
2856
2857
2857
2857
2858
2860
2860
2861
2862
2862
2864
2864
2864
2865
2865
2865
2865
2867
2868
2868
2868
2870
2871
2872
2873
2874
2876
2877
2879
2880
2882
2883
2884
2884
2886
2887
2888
2889
2890
2890
2891
2892
2893
2894
2898
2899
2900
2900
2901
2902
2902
2903
2904
2905
2906
2906
2907
2908
2909
2910
2913
2914
2915
2916
2916
2919
2920
2923
2924
2924
2925
2926
2926
2928
2929
2929
2930
2931
2931
2932
2937
2937
2938
2939
2940
2942
2943
2945
2945
2945
2947
2948
2950
2954
2955
2956
2957
2958
2959
2961
2962
2963
2963
2964
2965
2967
2968
2968
2969
2970
2971
2972
2973
2974
2975
2975
2976
2977
2978
2979
2980
2981
2983
2984
2985
2988
2989
2990
2991
2992
2993
2994
2996
2997
2999
3000
3001
3003
3004
3007
3008
3009
3010
3011
3012
3012
3013
3015
3015
3016
3018
3019
3020
3023
3026
3028
3029
3029
3030
3031
3033
3034
3034
3035
3036
3038
3038
3039
3043
3043
3044
3045
3046
3047
3048
3049
3050
3051
3051
3051
3052
3052
3053
3054
3056
3057
3058
3059
3061
3062
3062
3064
3065
3066
3067
3069
3070
3071
3071
3072
3073
3074
3075
3075
3076
3077
3078
3079
3083
3085
3087
3088
3089
3092
3092
3093
3094
3095
3096
3098
3099
3100
3104
3105
3106
3107
3109
3110
3112
3113
3114
3115
3117
3118
3121
3123
3124
3127
3128
3129
3130
3130
3131
3132
3134
3134
3135
3136
3137
3137
3138
3138
3139
3140
3141
3142
3143
3146
3148
3148
3149
3151
3152
3152
3155
3156
3157
3158
3159
3160
3161
3162
3164
3166
3167
3168
3168
3169
3170
3171
3172
3173
3174
3176
3177
3178
3179
3181
3182
3183
3184
3185
3187
3188
3189
3189
3190
3191
3191
3192
3195
3196
3198
3201
3202
3203
3204
3205
3205
3206
3207
3207
3207
3209
3209
3210
3211
3211
3211
3212
3213
3214
3214
3215
3216
3217
3218
3219
3219
3221
3223
3223
3224
3225
3225
3226
3227
3228
3229
3229
3230
3231
3231
3232
3233
3235
3236
3236
3237
3239
3241
3241
3242
3243
3244
3245
3247
3248
3249
3250
3250
3252
3252
3253
3254
3255
3256
3257
3259
3260
3261
3262
3266
3267
3268
3268
3269
3273
3275
3277
3278
3279
3279
3280
3280
3280
3281
3282
3283
3285
3287
3289
3290
3292
3293
3294
3295
3296
3296
3297
3297
3301
3303
3304
3304
3305
3306
3307
3309
3309
3310
3312
3313
3314
3316
3316
3317
3318
3318
3319
3320
3321
3321
3322
3323
3324
3325
3327
3328
3330
3331
3331
3332
3332
3333
3334
3335
3335
3336
3337
3337
3338
3338
3340
3341
3342
3342
3343
3344
3345
3347
3349
3349
3350
3352
3353
3354
3355
3355
3356
3356
3357
3358
3359
3360
3362
3363
3366
3367
3367
3368
3369
3371
3372
3379
3380
3381
3382
3384
3386
3386
3388
3390
3391
3392
3393
3394
3395
3396
3397
3398
3399
3401
3402
3403
3404
3405
3406
3407
3408
3410
3412
3413
3414
3414
3415
3418
3419
3420
3421
3424
3425
3426
3428
3429
3430
3431
3434
3435
3436
3440
3440
3441
3442
3443
3444
3445
3446
3447
3447
3448
3448
3450
3452
3453
3456
3457
3458
3458
3460
3461
3463
3464
3464
3465
3465
3466
3467
3468
3469
3469
3469
3472
3473
3474
3475
3477
3478
3479
3480
3480
3481
3482
3483
3484
3486
3487
3488
3489
3490
3491
3493
3495
3496
3496
3497
3498
3500
3501
3501
3502
3502
3503
3504
3504
3505
3505
3507
3508
3510
3511
3512
3516
3516
3517
3518
3520
3521
3522
3523
3524
3525
3526
3528
3529
3529
3531
3533
3534
3535
3536
3538
3539
3539
3540
3542
3543
3544
3544
3545
3548
3548
3549
3551
3552
3553
3556
3557
3559
3560
3562
3563
3564
3565
3568
3569
3570
3570
3571
3572
3573
3574
3575
3576
3577
3578
3579
3579
3580
3580
3581
3582
3582
3584
3586
3586
3587
3588
3588
3589
3589
3589
3590
3590
3590
3591
3593
3593
3596
3597
3598
3598
3599
3600
3601
3602
3603
3604
3605
3607
3608
3611
3611
3612
3612
3613
3615
3615
3616
3616
3616
3617
3618
3619
3620
3622
3623
3623
3624
3625
3625
3626
3627
3628
3629
3630
3630
3631
3632
3633
3633
3635
3636
3636
3637
3638
3643
3644
3644
3646
3647
3649
3650
3652
3654
3654
3656
3657
3659
3660
3662
3663
3664
3664
3665
3666
3666
3668
3669
3670
3671
3672
3673
3674
3675
3677
3678
3679
3680
3681
3682
3683
3685
3687
3688
3689
3690
3692
3693
3694
3695
3696
3697
3698
3699
3700
3701
3702
3702
3703
3703
3704
3705
3705
3706
3707
3707
3708
3709
3710
3711
3712
3713
3714
3715
3715
3716
3716
3717
3717
3719
3721
3722
3722
3723
3724
3725
3726
3728
3728
3729
3730
3731
3732
3732
3733
3734
3735
3736
3737
3738
3740
3740
3742
3743
3743
3745
3747
3747
3748
3749
3750
3751
3752
3753
3753
3753
3755
3757
3758
3759
3760
3761
3762
3763
3764
3765
3766
3767
3770
3771
3772
3773
3774
3774
3775
3776
3777
3779
3780
3781
3782
3784
3785
3785
3787
3788
3789
3791
3793
3795
3796
3797
3798
3798
3798
3799
3800
3802
3803
3804
3806
3806
3807
3808
3811
3812
3812
3813
3814
3815
3816
3817
3817
3818
3819
3821
3821
3822
3823
3824
3825
3826
3826
3827
3829
3830
3831
3832
3833
3835
3836
3836
3836
3838
3839
3840
3840
3842
3843
3844
3844
3845
3845
3847
3848
3852
3853
3854
3855
3856
3858
3859
3860
3861
3862
3862
3863
3863
3865
3866
3867
3868
3869
3870
3871
3871
3872
3873
3874
3875
3876
3877
3878
3878
3879
3880
3883
3885
3886
3887
3889
3890
3891
3892
3894
3895
3896
3897
3898
3899
3900
3901
3903
3904
3905
3905
3906
3907
3908
3909
3910
3910
3911
3913
3914
3914
3914
3916
3917
3918
3919
3920
3920
3921
3922
3923
3924
3925
3926
3927
3928
3931
3931
3931
3932
3933
3934
3934
3935
3936
3938
3939
3940
3941
3942
3943
3943
3944
3945
3946
3948
3948
3949
3950
3953
3954
3955
3956
3957
3958
3959
3959
3960
3960
3962
3963
3965
3966
3967
3968
3969
3971
3972
3973
3975
3975
3975
3975
3977
3978
3979
3980
3980
3981
3982
3983
3983
3984
3985
3986
3987
3987
3988
3989
3989
3990
3991
3992
3994
3995
3995
3996
3997
3998
3998
3999
3999
3999
4000
4001
4003
4004
4005
4006
4007
4008
4009
4010
4010
4010
4011
4011
4012
4013
4015
4018
4019
4019
4021
4023
4024
4026
4026
4027
4028
4029
4029
4029
4030
4030
4030
4033
4033
4034
4034
4036
4036
4036
4038
4038
4039
4040
4041
4041
4043
4044
4045
4046
4047
4048
4049
4051
4052
4052
4053
4054
4055
4056
4059
4060
4061
4062
4063
4065
4066
4067
4068
4070
4071
4072
4072
4074
4076
4077
4078
4079
4079
4081
4082
4083
4083
4084
4090
4091
4091
4092
4093
4094
4094
4095
4096
4098
4101
4102
4103
4104
4105
4106
4107
4108
4108
4108
4109
4111
4112
4113
4117
4118
4118
4119
4119
4121
4122
4123
4123
4124
4124
4125
4126
4127
4128
4128
4128
4132
4133
4133
4134
4139
4140
4141
4144
4145
4146
4146
4146
4147
4147
4148
4149
4150
4152
4153
4154
4156
4159
4161
4162
4163
4163
4164
4165
4165
4166
4166
4167
4168
4171
4171
4172
4173
4174
4175
4177
4178
4178
4179
4181
4182
4183
4185
4187
4188
4189
4190
4191
4192
4193
4194
4195
4196
4197
4198
4199
4200
4201
4202
4203
4204
4204
4205
4206
4206
4207
4208
4209
4210
4211
4212
4212
4214
4215
4216
4217
4218
4220
4221
4221
4223
4224
4225
4226
4227
4228
4228
4229
4230
4232
4232
4235
4236
4238
4239
4239
4241
4242
4243
4244
4247
4247
4248
4249
4250
4250
4252
4253
4254
4255
4255
4256
4257
4258
4258
4260
4261
4263
4264
4265
4266
4267
4268
4269
4271
4273
4274
4275
4276
4277
4277
4277
4278
4278
4279
4279
4280
4281
4281
4281
4281
4282
4282
4282
4283
4284
4286
4286
4287
4288
4289
4289
4290
4290
4290
4291
4292
4293
4294
4295
4296
4297
4302
4303
4305
4305
4306
4306
4307
4308
4310
4310
4311
4312
4313
4314
4314
4315
4316
4319
4320
4321
4321
4322
4322
4323
4324
4326
4327
4328
4329
4330
4331
4332
4334
4336
4337
4338
4339
4340
4341
4341
4344
4345
4346
4349
4350
4352
4352
4354
4354
4354
4355
4356
4356
4357
4358
4360
4361
4361
4362
4362
4363
4363
4363
4363
4364
4365
4366
4367
4368
4368
4370
4371
4373
4374
4375
4378
4379
4380
4381
4384
4384
4385
4385
4386
4386
4387
4387
4388
4389
4390
4392
4395
4396
4397
4397
4399
4399
4399
4400
4402
4403
4403
4403
4404
4405
4407
4408
4409
4410
4411
4413
4414
4415
4417
4418
4420
4422
4425
4426
4426
4427
4428
4429
4430
4430
4431
4432
4433
4434
4435
4437
4438
4438
4439
4442
4442
4443
4444
4445
4445
4446
4446
4447
4448
4449
4449
4450
4451
4452
4454
4454
4455
4456
4456
4456
4457
4458
4460
4461
4462
4462
4462
4463
4464
4465
4466
4466
4467
4468
4470
4471
4471
4472
4472
4473
4474
4476
4477
4478
4479
4480
4480
4481
4482
4484
4485
4486
4487
4488
4489
4490
4491
4492
4492
4493
4494
4495
4496
4497
4498
4499
4500
4501
4501
4502
4503
4504
4505
4506
4508
4510
4511
4512
4515
4516
4516
4516
4517
4521
4522
4523
4523
4525
4526
4527
4528
4529
4530
4531
4533
4534
4535
4535
4536
4537
4539
4539
4540
4541
4541
4542
4543
4543
4545
4546
4547
4548
4548
4549
4552
4553
4554
4555
4555
4555
4555
4557
4558
4559
4559
4560
4561
4562
4563
4564
4564
4565
4566
4568
4569
4570
4570
4572
4572
4573
4576
4576
4577
4577
4578
4579
4579
4580
4581
4582
4583
4584
4586
4587
4587
4588
4590
4591
4592
4592
4593
4596
4596
4597
4598
4599
4600
4602
4603
4603
4604
4605
4606
4607
4611
4611
4612
4612
4613
4613
4614
4614
4615
4617
4618
4620
4621
4622
4622
4623
4624
4626
4627
4630
4631
4632
4633
4635
4636
4637
4639
4641
4642
4643
4644
4645
4647
4648
4650
4652
4653
4654
4656
4660
4661
4662
4663
4664
4666
4666
4669
4669
4670
4672
4673
4674
4675
4676
4676
4677
4678
4679
4679
4681
4682
4683
4684
4684
4685
4685
4688
4689
4690
4691
4691
4692
4693
4693
4693
4694
4694
4696
4696
4697
4698
4700
4701
4702
4703
4705
4706
4707
4708
4709
4709
4709
4710
4711
4712
4713
4714
4716
4717
4718
4719
4720
4721
4722
4724
4724
4727
4727
4728
4729
4730
4730
4731
4733
4734
4735
4736
4736
4736
4738
4739
4740
4741
4742
4743
4745
4745
4746
4747
4748
4748
4748
4749
4750
4750
4752
4755
4756
4757
4758
4759
4760
4761
4765
4766
4766
4767
4768
4769
4770
4771
4772
4773
4774
4775
4775
4776
4777
4777
4778
4779
4779
4779
4780
4783
4783
4784
4785
4787
4788
4789
4789
4791
4792
4793
4794
4795
4798
4799
4800
4804
4805
4806
4809
4810
4811
4812
4812
4813
4813
4814
4814
4815
4816
4818
4820
4822
4823
4824
4825
4825
4827
4828
4829
4830
4832
4832
4832
4833
4834
4835
4837
4839
4839
4839
4840
4841
4842
4843
4844
4845
4846
4847
4849
4850
4852
4853
4855
4856
4857
4858
4859
4860
4860
4861
4861
4862
4863
4864
4864
4865
4865
4866
4867
4868
4869
4871
4871
4873
4876
4877
4878
4878
4880
4881
4882
4882
4883
4884
4885
4885
4887
4888
4889
4890
4891
4893
4894
4895
4896
4897
4898
4899
4899
4900
4902
4903
4903
4904
4907
4908
4910
4911
4912
4914
4916
4918
4918
4918
4920
4921
4922
4923
4924
4927
4928
4928
4929
4932
4933
4933
4934
4934
4936
4937
4937
4939
4940
4942
4942
4943
4945
4946
4947
4948
4950
4951
4952
4954
4955
4955
4956
4957
4958
4959
4960
4961
4962
4963
4964
4964
4966
4968
4969
4970
4972
4972
4973
4975
4976
4977
4978
4979
4980
4981
4984
4985
4985
4989
4990
4991
4992
4993
4994
4994
4995
4996
4997
4997
4998
4999
4999
5000
5001
5001
5002
5003
5005
5007
5008
5009
5009
5010
5011
5012
5013
5014
5015
5016
5017
5017
5018
5019
5020
5022
5024
5025
5027
5030
5032
5033
5034
5035
5036
5036
5037
5037
5038
5039
5040
5041
5043
5045
5045
5046
5047
5047
5049
5050
5050
5051
5054
5054
5055
5055
5056
5058
5059
5061
5061
5062
5063
5063
5064
5065
5065
5066
5068
5070
5071
5071
5073
5074
5074
5074
5075
5076
5076
5077
5077
5078
5079
5079
5080
5081
5081
5084
5086
5089
5090
5091
5095
5095
5095
5096
5098
5099
5100
5102
5103
5103
5104
5105
5105
5106
5108
5108
5110
5112
5113
5114
5115
5116
5117
5118
5118
5119
5120
5121
5122
5125
5125
5126
5128
5128
5128
5129
5130
5132
5132
5133
5134
5134
5134
5135
5136
5137
5138
5138
5139
5140
5141
5141
5143
5143
5144
5145
5146
5146
5147
5148
5149
5150
5150
5151
5154
5156
5156
5159
5159
5160
5160
5161
5163
5163
5164
5164
5165
5165
5166
5167
5168
5169
5170
5172
5173
5174
5174
5175
5175
5176
5177
5178
5180
5181
5182
5182
5183
5183
5184
5185
5185
5186
5187
5187
5188
5189
5190
5191
5193
5194
5195
5195
5196
5200
5201
5202
5203
5206
5208
5209
5209
5210
5211
5212
5214
5215
5216
5216
5217
5218
5219
5220
5221
5223
5224
5224
5225
5226
5226
5229
5229
5231
5232
5233
5235
5236
5238
5239
5240
5240
5240
5241
5243
5244
5244
5245
5246
5247
5249
5250
5251
5252
5253
5254
5255
5258
5259
5259
5260
5261
5262
5263
5263
5264
5265
5267
5268
5269
5270
5271
5272
5273
5274
5275
5277
5278
5278
5278
5278
5279
5280
5282
5283
5283
5284
5285
5286
5287
5288
5291
5291
5292
5293
5294
5295
5296
5296
5297
5298
5299
5299
5300
5300
5301
5302
5304
5305
5306
5307
5308
5309
5310
5312
5313
5314
5315
5316
5316
5317
5318
5318
5320
5322
5322
5323
5324
5326
5327
5328
5329
5330
5332
5333
5334
5335
5337
5337
5338
5339
5340
5340
5340
5341
5342
5343
5344
5346
5347
5348
5349
5351
5352
5352
5354
5355
5357
5358
5359
5362
5362
5362
5363
5366
5368
5370
5372
5373
5374
5374
5375
5376
5377
5378
5379
5380
5381
5383
5384
5384
5385
5386
5387
5389
5389
5389
5390
5392
5393
5394
5395
5395
5396
5397
5397
5399
5399
5400
5400
5401
5402
5402
5402
5403
5403
5404
5405
5406
5406
5407
5408
5409
5411
5411
5412
5413
5414
5415
5416
5417
5418
5418
5418
5420
5421
5423
5424
5426
5427
5428
5428
5429
5430
5432
5433
5434
5434
5435
5435
5437
5438
5441
5443
5444
5445
5447
5448
5449
5451
5454
5455
5455
5456
5459
5460
5460
5462
5462
5464
5466
5466
5467
5468
5469
5471
5472
5473
5473
5475
5476
5477
5477
5478
5480
5480
5480
5481
5482
5483
5484
5485
5485
5487
5487
5488
5489
5490
5491
5493
5494
5495
5497
5497
5498
5499
5500
5501
5501
5502
5502
5503
5503
5504
5505
5506
5509
5510
5511
5511
5512
5513
5514
5514
5515
5515
5516
5517
5518
5519
5520
5521
5521
5523
5524
5525
5527
5527
5527
5527
5528
5528
5529
5530
5530
5531
5532
5533
5534
5534
5535
5536
5538
5539
5540
5541
5543
5544
5544
5544
5544
5545
5547
5548
5551
5555
5556
5557
5558
5559
5560
5561
5562
5563
5564
5565
5567
5568
5571
5572
5574
5575
5576
5577
5577
5581
5582
5583
5585
5586
5587
5588
5589
5590
5590
5590
5590
5591
5592
5593
5595
5596
5597
5598
5599
5600
5602
5606
5607
5607
5608
5609
5609
5610
5610
5611
5612
5612
5613
5613
5614
5616
5616
5617
5617
5620
5622
5623
5624
5625
5626
5626
5627
5628
5629
5630
5630
5630
5631
5633
5634
5634
5635
5635
5635
5636
5637
5637
5638
5640
5641
5644
5645
5646
5647
5649
5649
5649
5651
5652
5653
5654
5654
5656
5658
5659
5660
5661
5661
5662
5663
5664
5664
5664
5665
5666
5667
5668
5669
5670
5671
5671
5672
5673
5674
5675
5675
5676
5678
5679
5679
5680
5681
5682
5684
5688
5689
5690
5691
5692
5693
5693
5694
5694
5695
5697
5697
5698
5699
5700
5701
5702
5702
5703
5703
5704
5705
5706
5708
5709
5709
5710
5711
5712
5713
5713
5714
5715
5715
5720
5720
5721
5722
5724
5724
5725
5726
5727
5728
5729
5730
5731
5732
5732
5733
5734
5734
5735
5736
5737
5737
5738
5740
5741
5742
5743
5744
5745
5746
5746
5747
5747
5748
5748
5749
5749
5750
5751
5752
5754
5755
5757
5758
5759
5760
5763
5764
5765
5766
5767
5768
5769
5770
5771
5771
5771
5772
5773
5774
5775
5778
5778
5779
5780
5781
5782
5782
5784
5785
5786
5786
5787
5788
5789
5790
5793
5794
5794
5795
5795
5796
5797
5797
5798
5799
5800
5801
5801
5803
5804
5806
5807
5808
5809
5810
5811
5813
5813
5814
5815
5815
5817
5818
5819
5820
5820
5821
5821
5822
5823
5824
5825
5827
5830
5832
5833
5834
5837
5840
5840
5840
5842
5842
5843
5844
5845
5845
5847
5847
5849
5849
5851
5852
5853
5853
5854
5854
5855
5857
5858
5858
5859
5860
5861
5863
5864
5864
5866
5868
5869
5869
5871
5874
5874
5874
5875
5875
5876
5877
5877
5878
5879
5880
5881
5883
5884
5885
5885
5886
5887
5888
5890
5891
5892
5894
5896
5898
5900
5902
5903
5904
5905
5905
5906
5907
5908
5909
5909
5910
5911
5912
5913
5915
5916
5918
5919
5920
5922
5922
5923
5923
5924
5925
5926
5927
5928
5929
5930
5931
5931
5931
5932
5932
5933
5933
5935
5936
5937
5939
5939
5940
5940
5940
5941
5942
5944
5946
5947
5948
5948
5949
5950
5951
5952
5954
5957
5960
5961
5963
5964
5965
5965
5966
5968
5968
5969
5970
5972
5973
5973
5974
5975
5976
5978
5978
5981
5983
5984
5985
5987
5988
5989
5990
5991
5992
5993
5995
5997
5998
5999
6001
6001
6002
6004
6005
6007
6007
6009
6010
6012
6013
6013
6014
6015
6015
6016
6017
6017
6024
6026
6026
6027
6028
6030
6032
6034
6034
6035
6036
6036
6038
6038
6038
6039
6040
6041
6042
6043
6044
6044
6045
6045
6047
6049
6049
6049
6051
6051
6052
6052
6053
6054
6055
6057
6059
6059
6060
6060
6060
6062
6063
6064
6064
6065
6065
6066
6068
6069
6070
6070
6072
6073
6074
6075
6076
6077
6078
6081
6082
6084
6085
6087
6088
6089
6090
6090
6091
6092
6092
6093
6093
6094
6095
6096
6097
6099
6100
6101
6102
6102
6103
6104
6105
6105
6107
6108
6110
6110
6111
6112
6113
6114
6116
6116
6116
6117
6117
6118
6119
6119
6121
6122
6123
6124
6124
6126
6127
6128
6129
6130
6131
6131
6132
6133
6134
6136
6136
6137
6139
6139
6141
6141
6142
6145
6146
6147
6148
6149
6150
6151
6152
6152
6153
6154
6154
6155
6155
6157
6158
6159
6160
6161
6161
6162
6162
6163
6165
6166
6168
6169
6170
6171
6172
6174
6175
6177
6178
6179
6179
6179
6179
6181
6182
6183
6184
6184
6185
6187
6188
6189
6191
6191
6192
6193
6195
6195
6196
6198
6199
6199
6200
6201
6201
6203
6204
6204
6205
6205
6207
6209
6210
6212
6213
6214
6215
6216
6217
6218
6219
6220
6221
6222
6223
6224
6226
6227
6228
6230
6231
6232
6233
6234
6235
6236
6237
6237
6238
6239
6240
6241
6241
6242
6243
6244
6245
6247
6248
6249
6251
6251
6253
6255
6255
6256
6256
6256
6257
6258
6259
6259
6260
6261
6262
6264
6265
6266
6266
6268
6269
6270
6271
6271
6272
6273
6274
6275
6276
6277
6278
6279
6280
6282
6283
6285
6286
6287
6288
6289
6290
6291
6291
6292
6292
6293
6294
6295
6296
6297
6297
6299
6300
6302
6303
6304
6305
6306
6309
6310
6310
6311
6312
6312
6313
6314
6315
6317
6317
6317
6318
6319
6320
6321
6322
6324
6325
6325
6326
6327
6328
6329
6330
6331
6332
6333
6334
6335
6336
6337
6337
6337
6338
6339
6340
6341
6342
6343
6344
6345
6345
6345
6346
6347
6347
6347
6349
6350
6351
6352
6352
6354
6355
6356
6357
6357
6358
6361
6362
6363
6364
6365
6366
6367
6369
6370
6371
6372
6372
6373
6373
6373
6374
6375
6376
6376
6377
6377
6378
6379
6380
6381
6382
6383
6385
6385
6386
6386
6386
6387
6387
6388
6389
6390
6391
6391
6392
6393
6394
6395
6396
6397
6397
6398
6399
6400
6401
6401
6401
6402
6403
6404
6405
6407
6407
6409
6412
6412
6412
6413
6413
6413
6414
6415
6417
6418
6419
6420
6420
6421
6422
6423
6424
6425
6426
6427
6428
6429
6431
6432
6432
6433
6434
6435
6436
6437
6440
6441
6441
6441
6442
6443
6445
6446
6447
6448
6449
6449
6450
6451
6452
6453
6454
6454
6454
6456
6461
6462
6462
6462
6463
6464
6464
6465
6467
6468
6468
6469
6470
6475
6476
6477
6478
6478
6478
6478
6480
6481
6481
6484
6485
6486
6487
6489
6490
6491
6492
6493
6494
6495
6497
6498
6499
6499
6500
6502
6502
6503
6504
6504
6505
6506
6507
6508
6508
6509
6510
6510
6511
6512
6512
6512
6513
6514
6514
6515
6516
6516
6516
6516
6517
6518
6520
6520
6521
6522
6522
6524
6524
6526
6526
6528
6530
6530
6531
6532
6533
6535
6537
6538
6539
6540
6541
6542
6543
6544
6545
6545
6547
6548
6550
6550
6551
6552
6553
6554
6555
6556
6557
6558
6558
6559
6560
6560
6561
6562
6563
6564
6567
6567
6568
6569
6570
6572
6573
6573
6574
6575
6575
6576
6576
6577
6579
6580
6581
6582
6583
6584
6584
6585
6586
6586
6590
6591
6592
6592
6593
6594
6595
6595
6596
6598
6599
6600
6601
6602
6604
6605
6607
6608
6609
6614
6614
6615
6617
6618
6619
6620
6621
6623
6625
6626
6628
6629
6630
6631
6632
6632
6633
6634
6635
6637
6638
6639
6641
6641
6642
6643
6645
6646
6647
6648
6650
6650
6651
6652
6653
6654
6654
6655
6656
6657
6658
6659
6660
6661
6662
6663
6664
6666
6667
6669
6670
6671
6672
6673
6674
6677
6678
6680
6681
6682
6682
6683
6684
6685
6685
6686
6687
6688
6691
6692
6693
6693
6694
6695
6697
6699
6699
6700
6701
6702
6703
6704
6705
6707
6708
6709
6710
6710
6711
6712
6714
6715
6715
6716
6717
6718
6719
6721
6722
6723
6724
6726
6727
6728
6728
6729
6730
6731
6731
6732
6733
6734
6734
6735
6736
6736
6737
6740
6742
6744
6744
6745
6746
6747
6748
6749
6750
6750
6751
6752
6753
6755
6757
6758
6759
6762
6764
6764
6765
6766
6767
6770
6770
6771
6772
6773
6773
6774
6775
6776
6777
6777
6780
6780
6782
6782
6783
6783
6785
6786
6787
6788
6790
6790
6791
6791
6792
6792
6792
6793
6794
6795
6796
6799
6800
6803
6805
6805
6806
6809
6811
6812
6812
6814
6815
6817
6818
6819
6819
6820
6821
6822
6824
6825
6827
6828
6829
6830
6831
6832
6834
6835
6836
6836
6837
6838
6839
6840
6841
6841
6842
6843
6843
6844
6845
6847
6850
6852
6853
6853
6853
6854
6856
6856
6857
6858
6858
6858
6862
6864
6865
6866
6867
6868
6869
6870
6871
6871
6872
6873
6874
6875
6876
6876
6877
6878
6879
6879
6882
6882
6884
6885
6886
6889
6889
6890
6891
6892
6894
6896
6897
6898
6899
6900
6901
6904
6905
6906
6908
6909
6910
6911
6912
6912
6913
6914
6916
6916
6917
6918
6919
6920
6921
6922
6924
6925
6925
6926
6928
6931
6932
6933
6935
6935
6936
6936
6938
6939
6940
6941
6942
6944
6945
6946
6947
6949
6951
6952
6952
6953
6954
6954
6955
6957
6958
6959
6960
6960
6962
6964
6965
6966
6968
6969
6971
6972
6974
6975
6976
6977
6978
6979
6980
6981
6981
6982
6983
6985
6987
6988
6988
6989
6991
6992
6992
6992
6993
6997
6998
6998
6998
6999
7000
7000
7000
7001
7002
7003
7004
7007
7008
7009
7010
7011
7012
7012
7016
7018
7019
7021
7022
7023
7024
7026
7026
7028
7029
7030
7030
7030
7031
7031
7031
7032
7033
7034
7034
7035
7035
7036
7038
7039
7040
7042
7042
7043
7044
7044
7045
7045
7046
7048
7048
7049
7050
7051
7053
7055
7059
7060
7061
7062
7063
7064
7064
7065
7066
7066
7067
7067
7068
7069
7070
7071
7072
7073
7074
7076
7078
7079
7080
7081
7082
7082
7083
7084
7086
7088
7090
7092
7093
7093
7094
7094
7095
7096
7097
7098
7099
7100
7102
7103
7103
7104
7106
7107
7108
7109
7109
7110
7113
7113
7117
7118
7118
7119
7120
7121
7122
7123
7125
7126
7129
7130
7131
7132
7134
7137
7137
7138
7141
7143
7143
7144
7146
7147
7150
7151
7151
7151
7151
7152
7153
7154
7155
7156
7158
7159
7160
7162
7165
7166
7166
7167
7169
7170
7170
7172
7173
7173
7176
7177
7179
7179
7179
7181
7182
7182
7182
7183
7183
7184
7185
7186
7186
7187
7188
7188
7189
7189
7190
7191
7192
7193
7194
7196
7197
7197
7197
7204
7205
7206
7207
7208
7210
7211
7212
7213
7214
7214
7214
7215
7215
7216
7217
7218
7220
7220
7221
7222
7222
7223
7224
7225
7226
7227
7229
7230
7232
7233
7233
7234
7235
7236
7236
7237
7237
7237
7240
7241
7242
7242
7245
7245
7246
7247
7249
7250
7250
7250
7252
7253
7254
7255
7256
7257
7258
7258
7258
7258
7258
7259
7260
7260
7260
7260
7261
7263
7263
7264
7264
7264
7266
7267
7268
7268
7269
7269
7270
7271
7272
7273
7274
7275
7276
7277
7278
7280
7281
7281
7282
7284
7284
7285
7287
7287
7288
7289
7290
7291
7292
7293
7294
7295
7296
7297
7298
7298
7299
7300
7301
7301
7301
7302
7304
7305
7306
7307
7308
7308
7309
7310
7310
7312
7313
7314
7315
7316
7317
7318
7319
7320
7321
7321
7322
7325
7326
7327
7328
7329
7330
7331
7332
7333
7333
7335
7335
7338
7339
7340
7342
7344
7345
7345
7346
7347
7348
7349
7350
7350
7350
7351
7353
7354
7355
7356
7356
7357
7359
7360
7361
7362
7364
7366
7367
7368
7368
7370
7371
7371
7372
7373
7376
7377
7379
7380
7380
7380
7381
7382
7383
7384
7385
7386
7386
7387
7387
7389
7390
7390
7393
7394
7395
7395
7396
7398
7401
7403
7404
7406
7406
7406
7408
7408
7410
7412
7412
7413
7413
7415
7416
7417
7418
7420
7422
7422
7423
7424
7425
7426
7427
7427
7428
7428
7429
7430
7431
7432
7433
7434
7435
7436
7437
7438
7439
7439
7440
7440
7441
7442
7443
7444
7444
7445
7446
7447
7448
7450
7450
7451
7453
7454
7455
7456
7457
7458
7459
7459
7461
7462
7463
7464
7464
7465
7467
7468
7470
7471
7471
7471
7472
7474
7475
7476
7477
7477
7478
7479
7480
7482
7483
7485
7485
7487
7488
7489
7489
7490
7491
7491
7491
7492
7493
7494
7495
7496
7498
7499
7499
7500
7501
7503
7503
7503
7504
7505
7505
7506
7508
7511
7511
7512
7513
7514
7516
7518
7519
7520
7522
7523
7524
7526
7527
7528
7529
7530
7530
7531
7532
7532
7535
7536
7537
7538
7539
7540
7541
7543
7544
7545
7546
7548
7550
7551
7553
7556
7557
7558
7559
7560
7562
7563
7564
7565
7566
7566
7567
7568
7569
7571
7572
7573
7573
7575
7576
7578
7578
7579
7579
7580
7581
7582
7583
7583
7583
7584
7585
7586
7587
7590
7591
7591
7592
7593
7594
7597
7598
7599
7601
7603
7604
7606
7607
7608
7609
7610
7610
7611
7612
7613
7613
7614
7614
7616
7618
7619
7620
7621
7621
7622
7623
7624
7624
7626
7627
7628
7629
7631
7632
7634
7636
7637
7638
7639
7640
7642
7643
7643
7644
7645
7647
7647
7648
7649
7649
7650
7652
7654
7654
7655
7658
7659
7660
7661
7662
7664
7665
7666
7672
7673
7674
7674
7675
7676
7677
7678
7678
7679
7679
7680
7681
7682
7682
7683
7684
7684
7685
7686
7687
7687
7689
7690
7691
7692
7693
7693
7694
7695
7696
7698
7700
7701
7702
7703
7704
7705
7707
7707
7709
7710
7711
7712
7713
7714
7717
7718
7719
7720
7721
7722
7722
7722
7723
7724
7725
7726
7727
7727
7728
7730
7731
7732
7733
7734
7736
7737
7737
7738
7739
7740
7741
7742
7744
7745
7745
7746
7746
7749
7750
7750
7751
7753
7754
7754
7755
7756
7756
7757
7757
7758
7759
7760
7760
7761
7763
7763
7765
7768
7769
7770
7771
7772
7775
7776
7777
7780
7781
7782
7785
7786
7787
7787
7788
7790
7791
7792
7792
7793
7793
7794
7796
7797
7797
7798
7799
7800
7801
7802
7802
7803
7805
7807
7808
7808
7810
7811
7813
7815
7816
7820
7821
7821
7821
7822
7823
7824
7825
7826
7827
7828
7829
7830
7833
7834
7835
7835
7835
7836
7838
7840
7841
7842
7843
7844
7844
7847
7848
7849
7849
7849
7850
7851
7852
7852
7853
7853
7854
7855
7856
7857
7858
7858
7859
7860
7861
7862
7863
7864
7865
7865
7866
7867
7868
7868
7869
7870
7870
7873
7873
7874
7874
7875
7876
7879
7880
7881
7884
7886
7890
7891
7894
7895
7897
7899
7901
7901
7902
7903
7904
7905
7905
7905
7906
7907
7908
7910
7910
7911
7913
7914
7916
7918
7919
7921
7921
7922
7923
7923
7923
7924
7925
7927
7928
7929
7929
7929
7930
7930
7931
7931
7932
7932
7932
7935
7936
7937
7938
7939
7940
7940
7941
7942
7944
7945
7946
7947
7948
7949
7950
7951
7952
7953
7955
7955
7956
7957
7957
7958
7959
7959
7960
7961
7961
7962
7963
7964
7965
7966
7967
7970
7971
7972
7973
7973
7974
7975
7976
7977
7977
7979
7980
7981
7982
7982
7983
7984
7985
7986
7987
7987
7992
7993
7994
7995
7996
7997
7998
8000
8000
8003
8004
8005
8006
8007
8008
8009
8010
8011
8012
8013
8015
8016
8017
8017
8018
8020
8021
8022
8023
8024
8024
8025
8026
8028
8028
8030
8033
8034
8036
8037
8040
8042
8042
8043
8044
8044
8044
8045
8047
8048
8049
8049
8050
8050
8051
8052
8052
8053
8056
8057
8058
8060
8061
8062
8063
8065
8065
8066
8066
8067
8068
8070
8071
8072
8073
8073
8073
8074
8075
8076
8077
8078
8079
8080
8081
8083
8084
8085
8086
8086
8087
8088
8088
8088
8089
8091
8091
8092
8093
8094
8095
8096
8096
8097
8099
8099
8101
8101
8103
8103
8104
8104
8105
8106
8107
8108
8108
8109
8109
8110
8111
8113
8114
8114
8115
8116
8117
8118
8120
8123
8124
8125
8127
8127
8128
8129
8132
8133
8135
8136
8136
8137
8138
8139
8141
8142
8142
8143
8144
8145
8145
8146
8146
8147
8148
8151
8152
8153
8155
8156
8159
8159
8160
8161
8162
8162
8164
8164
8164
8165
8167
8169
8170
8173
8175
8176
8177
8180
8180
8181
8182
8184
8185
8185
8186
8188
8188
8189
8190
8190
8191
8192
8193
8194
8195
8195
8196
8197
8199
8200
8201
8203
8204
8204
8205
8206
8208
8209
8210
8211
8211
8213
8214
8215
8216
8219
8221
8222
8224
8226
8226
8227
8228
8231
8232
8234
8236
8237
8238
8239
8242
8242
8243
8245
8246
8247
8249
8250
8250
8251
8252
8253
8254
8256
8259
8259
8260
8261
8261
8262
8262
8262
8264
8265
8266
8266
8267
8268
8269
8270
8271
8272
8274
8275
8275
8276
8277
8278
8279
8279
8280
8281
8281
8282
8283
8284
8284
8286
8286
8287
8289
8289
8290
8291
8292
8293
8295
8296
8296
8297
8299
8301
8302
8303
8304
8305
8306
8307
8307
8308
8309
8311
8312
8313
8314
8316
8318
8319
8320
8321
8321
8322
8323
8324
8324
8325
8326
8327
8328
8330
8331
8331
8332
8333
8334
8334
8335
8336
8337
8338
8339
8340
8342
8344
8345
8346
8347
8347
8351
8352
8355
8356
8357
8358
8360
8360
8361
8362
8363
8364
8365
8365
8366
8366
8368
8370
8373
8374
8375
8376
8377
8378
8380
8381
8382
8383
8383
8384
8384
8385
8386
8387
8388
8388
8389
8389
8390
8394
8396
8397
8398
8399
8400
8401
8401
8404
8405
8405
8406
8406
8407
8408
8408
8410
8410
8411
8412
8414
8415
8415
8416
8417
8418
8419
8420
8421
8423
8424
8425
8426
8427
8428
8429
8431
8431
8432
8433
8434
8435
8437
8438
8438
8440
8441
8442
8442
8445
8446
8447
8448
8449
8450
8451
8452
8452
8453
8454
8455
8457
8459
8460
8461
8462
8464
8465
8465
8466
8467
8467
8469
8470
8470
8471
8471
8472
8473
8473
8474
8475
8476
8476
8478
8479
8480
8482
8483
8484
8484
8485
8486
8487
8487
8487
8489
8492
8492
8494
8496
8496
8496
8498
8499
8499
8499
8500
8500
8502
8503
8504
8506
8507
8508
8509
8510
8511
8511
8512
8513
8514
8515
8515
8516
8518
8518
8519
8520
8521
8521
8522
8522
8523
8525
8526
8527
8527
8529
8531
8531
8532
8533
8533
8534
8535
8536
8536
8537
8538
8538
8540
8542
8543
8546
8546
8546
8547
8547
8548
8549
8550
8551
8553
8553
8554
8555
8556
8557
8559
8559
8560
8561
8562
8563
8564
8565
8566
8566
8567
8567
8569
8569
8572
8572
8573
8574
8576
8577
8577
8578
8579
8580
8580
8582
8583
8584
8585
8586
8587
8587
8588
8589
8590
8591
8592
8593
8594
8594
8595
8596
8598
8599
8600
8601
8601
8602
8605
8606
8607
8608
8609
8610
8611
8612
8614
8615
8616
8617
8619
8619
8619
8620
8621
8621
8621
8622
8626
8627
8627
8631
8632
8632
8633
8634
8636
8638
8639
8640
8641
8642
8643
8643
8644
8645
8646
8648
8649
8650
8652
8654
8656
8657
8658
8659
8661
8662
8662
8663
8663
8664
8665
8665
8666
8667
8668
8670
8671
8671
8672
8674
8675
8676
8677
8678
8679
8680
8682
8682
8682
8683
8684
8686
8687
8687
8687
8687
8688
8688
8690
8691
8691
8692
8694
8694
8697
8698
8698
8699
8700
8701
8702
8705
8707
8708
8709
8710
8710
8711
8712
8713
8715
8718
8718
8718
8718
8719
8720
8721
8723
8724
8725
8725
8725
8728
8729
8729
8729
8730
8731
8732
8733
8733
8734
8736
8737
8738
8739
8742
8743
8747
8748
8749
8750
8750
8751
8752
8753
8757
8758
8759
8760
8761
8762
8763
8764
8765
8765
8766
8768
8769
8770
8770
8771
8772
8772
8773
8774
8777
8778
8779
8779
8784
8784
8785
8789
8791
8792
8794
8794
8796
8797
8798
8798
8799
8800
8801
8802
8803
8804
8805
8806
8807
8808
8810
8811
8812
8813
8813
8814
8814
8815
8816
8817
8818
8818
8818
8820
8821
8823
8824
8825
8826
8826
8827
8828
8829
8830
8831
8832
8832
8833
8834
8835
8836
8837
8838
8838
8839
8843
8844
8847
8848
8848
8849
8850
8851
8852
8854
8855
8856
8857
8857
8859
8859
8861
8862
8864
8865
8866
8866
8867
8868
8870
8871
8872
8874
8874
8875
8875
8876
8877
8878
8879
8881
8881
8881
8882
8884
8884
8885
8886
8889
8889
8890
8891
8892
8893
8894
8899
8899
8900
8901
8902
8903
8905
8906
8907
8908
8908
8909
8911
8913
8913
8914
8915
8916
8917
8917
8918
8919
8920
8921
8923
8923
8924
8925
8926
8926
8927
8928
8929
8929
8929
8930
8932
8936
8937
8938
8939
8940
8941
8942
8943
8944
8944
8945
8947
8947
8949
8950
8951
8951
8951
8952
8953
8953
8954
8955
8956
8956
8956
8957
8958
8959
8961
8962
8962
8963
8964
8965
8965
8966
8967
8968
8969
8969
8970
8970
8971
8974
8975
8975
8975
8977
8977
8978
8980
8980
8981
8982
8983
8983
8986
8986
8987
8987
8988
8989
8990
8993
8993
8994
8996
9002
9003
9003
9005
9006
9006
9007
9008
9009
9010
9011
9012
9013
9014
9015
9017
9018
9018
9019
9019
9020
9020
9022
9023
9023
9024
9026
9027
9028
9029
9031
9032
9035
9036
9037
9038
9040
9042
9043
9047
9049
9050
9051
9052
9054
9055
9056
9057
9057
9058
9058
9060
9060
9061
9062
9063
9064
9065
9065
9065
9066
9067
9068
9069
9070
9071
9072
9074
9075
9076
9077
9078
9078
9079
9080
9080
9081
9081
9082
9082
9083
9084
9085
9086
9086
9087
9088
9089
9090
9091
9092
9093
9093
9095
9096
9097
9098
9099
9099
9099
9100
9101
9102
9104
9105
9106
9107
9108
9109
9111
9112
9112
9112
9113
9115
9116
9117
9117
9119
9121
9123
9124
9124
9124
9125
9127
9128
9129
9130
9131
9131
9133
9134
9135
9135
9136
9139
9140
9141
9144
9144
9145
9145
9147
9148
9152
9154
9154
9156
9157
9158
9159
9159
9160
9161
9162
9163
9165
9166
9168
9169
9169
9170
9171
9171
9172
9173
9174
9175
9176
9177
9179
9181
9181
9182
9183
9185
9185
9186
9187
9188
9190
9192
9193
9194
9194
9194
9195
9196
9197
9198
9198
9199
9200
9201
9202
9203
9204
9205
9206
9206
9208
9209
9210
9210
9211
9211
9212
9213
9214
9216
9216
9217
9218
9220
9221
9221
9222
9222
9223
9225
9227
9228
9229
9229
9230
9231
9233
9233
9234
9235
9235
9236
9237
9239
9240
9241
9243
9244
9246
9247
9248
9248
9249
9250
9253
9254
9256
9256
9256
9257
9258
9259
9262
9262
9263
9264
9265
9266
9268
9268
9269
9270
9270
9271
9271
9272
9273
9276
9277
9277
9278
9279
9279
9280
9281
9281
9282
9284
9285
9286
9288
9289
9290
9290
9290
9291
9292
9296
9297
9298
9299
9300
9301
9302
9302
9304
9306
9307
9309
9310
9311
9312
9312
9313
9314
9315
9317
9318
9319
9320
9321
9321
9321
9324
9326
9328
9329
9330
9332
9333
9333
9334
9337
9338
9339
9340
9341
9342
9343
9343
9345
9346
9347
9349
9351
9351
9352
9354
9354
9355
9355
9357
9357
9359
9360
9361
9362
9362
9363
9364
9365
9366
9367
9369
9369
9371
9372
9372
9372
9373
9374
9375
9375
9376
9376
9377
9380
9381
9382
9383
9384
9384
9385
9386
9387
9388
9389
9390
9391
9393
9394
9395
9396
9397
9397
9398
9400
9400
9401
9402
9403
9404
9404
9405
9406
9407
9408
9408
9408
9409
9409
9412
9414
9414
9415
9417
9418
9419
9420
9421
9421
9421
9422
9423
9423
9424
9425
9426
9427
9428
9428
9429
9430
9431
9431
9432
9434
9435
9436
9437
9438
9438
9439
9440
9441
9443
9443
9446
9446
9447
9448
9452
9452
9453
9453
9455
9456
9457
9458
9458
9459
9460
9460
9461
9461
9462
9463
9463
9464
9465
9465
9466
9467
9468
9469
9470
9472
9473
9474
9474
9475
9476
9476
9477
9478
9480
9482
9486
9487
9488
9490
9490
9491
9493
9493
9494
9495
9495
9497
9498
9499
9500
9500
9501
9502
9502
9505
9505
9506
9508
9508
9509
9510
9511
9512
9512
9513
9514
9516
9517
9517
9517
9518
9519
9520
9521
9523
9523
9524
9525
9526
9527
9528
9528
9530
9531
9533
9534
9534
9536
9536
9537
9539
9540
9540
9540
9541
9541
9543
9544
9545
9546
9547
9547
9549
9550
9551
9551
9553
9554
9554
9555
9556
9557
9558
9560
9561
9562
9562
9563
9566
9567
9567
9568
9569
9570
9571
9572
9574
9574
9576
9577
9578
9578
9579
9580
9581
9581
9582
9584
9584
9584
9586
9587
9588
9589
9591
9591
9592
9593
9594
9596
9597
9598
9599
9601
9602
9606
9608
9609
9610
9611
9611
9612
9613
9614
9615
9615
9615
9615
9616
9618
9620
9620
9620
9621
9622
9623
9624
9626
9627
9628
9629
9629
9631
9632
9634
9636
9636
9637
9638
9639
9641
9642
9642
9643
9645
9645
9646
9646
9648
9650
9651
9652
9653
9653
9655
9655
9657
9658
9658
9659
9660
9660
9661
9662
9663
9664
9664
9665
9668
9669
9670
9671
9673
9674
9675
9676
9677
9678
9679
9680
9680
9682
9683
9684
9685
9686
9687
9688
9689
9690
9691
9691
9693
9694
9695
9695
9697
9698
9699
9700
9701
9701
9702
9703
9704
9705
9705
9707
9708
9709
9710
9712
9712
9714
9715
9715
9716
9717
9718
9719
9722
9722
9722
9725
9726
9727
9729
9730
9731
9732
9732
9732
9736
9741
9743
9744
9745
9746
9746
9749
9750
9751
9751
9751
9752
9753
9754
9755
9758
9758
9759
9760
9761
9762
9765
9766
9766
9767
9768
9769
9770
9771
9773
9774
9774
9775
9775
9776
9778
9779
9779
9780
9780
9781
9781
9781
9781
9783
9783
9785
9785
9787
9788
9791
9792
9793
9794
9795
9795
9796
9796
9797
9798
9800
9801
9802
9803
9804
9805
9805
9806
9807
9808
9809
9810
9811
9812
9813
9814
9814
9814
9816
9817
9818
9819
9820
9822
9823
9825
9826
9828
9829
9830
9831
9832
9833
9834
9835
9835
9836
9836
9837
9838
9839
9844
9844
9845
9845
9846
9847
9848
9849
9849
9849
9850
9851
9852
9852
9854
9855
9855
9856
9857
9858
9859
9859
9859
9860
9861
9863
9864
9864
9865
9866
9867
9868
9869
9870
9870
9871
9872
9873
9873
9875
9876
9878
9879
9880
9880
9881
9884
9885
9885
9887
9888
9888
9889
9890
9891
9892
9893
9895
9896
9897
9897
9899
9900
9900
9901
9903
9904
9905
9905
9906
9906
9907
9907
9909
9910
9911
9912
9914
9914
9915
9915
9916
9918
9919
9920
9921
9921
9922
9923
9924
9924
9925
9926
9926
9927
9928
9928
9929
9930
9932
9933
9933
9934
9935
9936
9937
9938
9939
9940
9941
9942
9943
9944
9945
9945
9946
9947
9947
9951
9951
9953
9954
9955
9956
9957
9958
9959
9960
9961
9962
9963
9964
9968
9968
9969
9970
9972
9972
9973
9974
9975
9976
9976
9977
9978
9979
9980
9982
9984
9984
9986
9986
9987
9988
9989
9989
9990
9991
9992
9992
9993
9993
9994
9996
9997
