1
1
1
2
2
3
4
6
7
7
7
9
11
11
12
12
14
14
17
17
17
18
19
20
22
22
22
22
23
23
24
25
28
29
30
30
31
31
33
34
37
39
41
41
41
42
43
43
44
44
45
46
46
46
46
47
47
48
48
48
49
50
51
52
53
55
55
56
57
57
59
60
61
62
63
66
66
66
67
67
68
69
71
71
72
73
73
73
74
75
75
75
76
77
79
79
81
82
83
83
84
85
86
87
89
89
89
90
93
94
95
96
96
97
97
98
99
99
99
102
102
103
104
104
106
106
106
106
106
109
110
111
111
112
112
113
113
114
115
115
115
116
116
116
116
118
119
120
121
122
122
123
124
125
126
127
129
129
129
130
130
130
131
132
132
133
135
137
137
139
140
141
143
144
144
145
145
146
146
146
146
149
149
149
150
150
151
151
152
152
153
154
154
154
155
155
156
156
157
158
159
162
162
163
164
165
167
167
168
168
169
169
169
170
170
172
172
172
172
172
172
172
173
173
174
175
176
176
177
178
178
179
180
181
182
183
184
184
184
184
184
186
188
188
189
189
190
192
193
193
194
194
197
197
198
198
200
202
202
202
204
205
205
205
207
207
207
209
210
210
210
211
211
211
211
212
213
213
214
215
215
218
218
220
221
221
222
222
222
223
223
223
225
225
226
227
229
229
230
230
231
231
231
232
232
233
234
235
235
235
235
236
238
238
242
242
242
244
244
245
246
247
248
249
249
250
252
253
253
254
255
257
258
258
259
260
262
264
265
267
268
268
268
269
269
270
270
270
272
274
275
276
277
277
279
279
279
280
280
280
282
283
283
285
287
287
288
289
291
292
294
294
294
297
297
298
298
298
299
300
301
302
303
305
306
306
308
308
308
309
309
310
312
313
313
315
315
316
318
319
319
320
320
321
323
323
324
324
325
326
328
329
329
330
330
331
332
333
335
336
337
337
339
339
339
339
340
341
342
343
344
344
344
346
346
347
348
348
349
351
351
352
355
356
356
359
361
362
363
363
364
365
365
365
366
367
368
369
369
370
371
373
376
376
376
379
380
381
382
382
382
382
382
382
384
384
386
387
387
387
388
388
388
389
389
391
392
394
394
396
396
397
398
399
399
399
400
400
401
402
402
403
404
404
404
405
405
405
406
406
408
408
408
409
409
409
410
410
411
412
415
416
416
417
417
418
419
419
420
420
423
424
424
425
425
427
428
428
429
430
432
432
434
434
435
435
436
437
438
438
438
440
441
441
442
444
444
444
445
446
447
447
447
448
448
450
450
452
452
453
454
454
454
454
455
456
459
462
462
463
463
463
465
466
466
468
468
468
469
469
469
472
473
473
474
475
476
477
478
479
479
479
481
483
485
486
487
488
491
491
492
492
492
493
494
494
496
496
497
498
499
499
502
502
503
503
504
505
505
506
507
507
508
508
508
509
509
510
510
511
512
512
512
513
513
514
514
515
515
516
516
517
518
519
520
522
522
522
524
525
527
528
529
530
532
532
533
533
533
534
536
537
537
538
538
540
540
541
541
541
542
543
544
544
544
546
546
549
549
550
550
550
552
553
553
553
553
555
556
562
563
564
564
566
566
566
569
570
571
573
573
573
575
575
575
575
576
577
578
578
579
580
581
581
581
582
582
583
583
584
584
585
586
590
591
592
592
593
593
594
594
597
599
600
600
602
604
604
607
608
608
609
609
609
609
611
611
614
616
617
617
618
621
623
625
625
625
626
628
628
631
633
637
637
637
637
638
640
640
640
641
641
641
642
645
645
647
647
648
648
648
654
656
657
662
663
664
664
665
665
666
667
667
668
670
671
671
673
673
674
675
675
678
679
680
681
682
683
686
687
688
688
688
689
691
692
692
692
692
693
693
693
697
697
698
698
698
698
699
700
700
702
703
705
705
708
710
710
711
712
713
713
714
716
717
718
718
718
719
719
719
720
721
722
724
724
725
725
725
725
726
727
727
728
728
729
729
731
731
732
733
733
733
733
735
735
736
737
738
738
738
741
741
742
742
742
743
744
744
745
745
746
749
749
750
752
755
757
757
759
760
762
762
763
764
764
765
765
765
765
769
769
770
770
771
771
772
773
773
773
777
777
777
778
778
778
779
780
781
782
784
784
789
789
789
790
791
791
791
793
793
793
796
796
796
799
799
800
801
801
801
801
802
803
803
804
804
804
805
805
805
807
808
808
809
809
809
810
810
811
811
813
814
815
815
816
818
820
821
821
824
825
825
826
827
827
828
829
830
832
833
833
833
833
835
835
837
839
839
839
840
842
842
843
843
843
843
844
846
847
848
848
849
850
850
850
852
854
856
859
859
859
859
861
861
863
865
865
865
866
866
869
871
872
874
874
875
875
876
876
878
879
879
880
881
882
882
883
883
884
885
885
887
888
889
890
892
892
893
894
894
894
894
895
896
896
899
901
902
904
904
904
905
907
908
908
909
909
909
913
914
914
915
916
916
917
919
920
920
921
921
922
925
926
927
927
927
927
929
929
931
932
934
934
934
935
935
936
936
937
938
939
940
940
941
942
942
943
945
945
946
948
949
951
951
952
953
954
954
956
956
956
957
959
960
963
966
966
969
969
971
972
972
972
973
973
974
975
977
977
980
980
981
981
983
986
986
986
986
986
987
987
989
990
991
991
991
994
995
995
997
999
999
1000
1000
1001
1001
1001
1002
1002
1005
1006
1006
1007
1007
1010
1012
1012
1012
1012
1012
1013
1013
1013
1013
1014
1014
1014
1014
1014
1016
1016
1018
1018
1019
1020
1020
1021
1021
1024
1024
1025
1026
1030
1030
1031
1031
1033
1033
1034
1034
1034
1034
1034
1036
1036
1037
1037
1038
1038
1041
1042
1043
1044
1045
1045
1046
1046
1047
1047
1048
1048
1049
1050
1051
1051
1052
1052
1054
1055
1055
1057
1058
1058
1059
1060
1060
1061
1061
1061
1063
1063
1064
1069
1069
1070
1070
1071
1071
1072
1072
1072
1074
1076
1078
1078
1079
1079
1081
1082
1082
1082
1083
1083
1084
1084
1085
1086
1087
1087
1088
1089
1090
1091
1091
1091
1092
1094
1095
1096
1098
1099
1099
1099
1100
1101
1101
1102
1102
1104
1105
1105
1106
1106
1106
1107
1112
1113
1115
1116
1116
1119
1120
1120
1121
1122
1122
1125
1126
1127
1127
1128
1128
1129
1129
1130
1130
1132
1133
1133
1134
1134
1135
1135
1135
1135
1137
1137
1138
1138
1139
1140
1140
1144
1146
1148
1149
1149
1150
1150
1151
1152
1152
1153
1153
1154
1154
1155
1155
1155
1156
1156
1157
1158
1158
1158
1162
1162
1163
1164
1165
1166
1166
1167
1167
1168
1170
1172
1174
1174
1174
1176
1177
1177
1178
1178
1179
1179
1180
1180
1182
1182
1183
1183
1184
1184
1185
1185
1188
1188
1189
1190
1191
1192
1193
1193
1193
1195
1197
1199
1199
1199
1202
1202
1203
1203
1204
1205
1206
1206
1207
1208
1210
1212
1212
1212
1214
1215
1215
1215
1216
1217
1218
1218
1219
1220
1222
1222
1223
1224
1224
1225
1227
1227
1227
1228
1229
1230
1231
1231
1231
1235
1235
1236
1236
1236
1237
1238
1239
1240
1240
1240
1242
1242
1243
1244
1245
1245
1245
1246
1246
1246
1247
1247
1248
1249
1249
1250
1250
1251
1251
1252
1254
1255
1255
1257
1257
1257
1260
1260
1261
1262
1262
1262
1264
1264
1265
1265
1265
1266
1267
1268
1271
1271
1271
1272
1273
1274
1274
1275
1276
1277
1277
1278
1278
1278
1278
1279
1280
1280
1281
1283
1284
1285
1285
1286
1286
1286
1288
1288
1289
1290
1290
1292
1293
1293
1293
1293
1294
1294
1294
1294
1294
1294
1296
1296
1297
1297
1297
1298
1302
1302
1302
1304
1304
1305
1306
1306
1307
1308
1309
1309
1310
1310
1310
1311
1311
1311
1312
1312
1313
1313
1314
1315
1315
1315
1317
1317
1319
1319
1319
1320
1321
1321
1321
1322
1323
1324
1325
1328
1328
1330
1331
1332
1333
1333
1335
1337
1338
1339
1339
1342
1343
1344
1345
1348
1348
1349
1349
1349
1349
1351
1352
1352
1352
1353
1353
1353
1353
1354
1355
1356
1356
1356
1358
1358
1359
1359
1360
1362
1363
1363
1363
1363
1364
1364
1365
1366
1366
1366
1368
1369
1370
1370
1371
1372
1372
1375
1375
1376
1376
1376
1376
1377
1378
1378
1378
1378
1381
1382
1382
1383
1384
1385
1386
1388
1388
1388
1388
1388
1389
1389
1390
1390
1391
1391
1391
1392
1392
1394
1395
1397
1398
1399
1400
1404
1405
1406
1407
1407
1407
1408
1409
1409
1410
1410
1412
1413
1414
1414
1414
1415
1415
1415
1417
1418
1418
1419
1420
1421
1421
1421
1422
1423
1423
1423
1423
1424
1424
1426
1426
1428
1430
1432
1432
1432
1433
1434
1434
1434
1435
1436
1437
1439
1441
1441
1442
1442
1443
1444
1445
1445
1447
1447
1448
1450
1450
1450
1451
1452
1453
1454
1454
1455
1455
1455
1456
1457
1458
1458
1458
1460
1462
1463
1463
1464
1464
1465
1465
1466
1466
1468
1469
1469
1470
1470
1471
1472
1472
1473
1474
1474
1474
1474
1476
1477
1477
1478
1478
1478
1478
1479
1479
1479
1479
1480
1480
1480
1480
1481
1481
1481
1481
1482
1483
1484
1487
1487
1487
1488
1488
1490
1491
1492
1493
1494
1495
1496
1498
1500
1503
1503
1504
1506
1509
1509
1510
1511
1511
1512
1512
1513
1514
1515
1515
1515
1517
1519
1520
1520
1520
1524
1527
1528
1530
1532
1535
1536
1536
1537
1541
1543
1544
1544
1544
1546
1546
1546
1549
1549
1550
1551
1551
1554
1554
1555
1556
1557
1558
1558
1561
1562
1562
1563
1564
1565
1566
1567
1567
1568
1568
1569
1569
1569
1571
1573
1573
1573
1574
1574
1575
1575
1576
1578
1578
1579
1579
1579
1580
1581
1582
1582
1583
1583
1583
1586
1586
1587
1589
1591
1591
1592
1593
1593
1594
1594
1595
1595
1596
1597
1599
1600
1600
1601
1602
1602
1605
1605
1606
1606
1606
1608
1610
1611
1612
1612
1614
1616
1616
1616
1618
1620
1622
1623
1624
1624
1625
1626
1627
1628
1629
1630
1630
1630
1630
1631
1632
1632
1633
1633
1634
1636
1636
1637
1637
1637
1639
1641
1642
1643
1644
1644
1645
1647
1647
1648
1649
1652
1654
1655
1655
1655
1658
1658
1659
1660
1662
1663
1663
1665
1665
1666
1667
1667
1672
1674
1674
1675
1676
1676
1677
1677
1678
1680
1680
1680
1681
1681
1681
1681
1681
1683
1683
1683
1684
1684
1685
1686
1686
1686
1686
1687
1687
1688
1688
1689
1690
1690
1691
1691
1691
1691
1693
1693
1694
1694
1695
1696
1696
1697
1700
1701
1702
1704
1704
1704
1704
1705
1706
1706
1708
1708
1709
1710
1712
1712
1713
1713
1714
1715
1716
1716
1716
1718
1719
1719
1720
1721
1721
1722
1722
1722
1723
1723
1723
1724
1725
1725
1726
1726
1727
1729
1732
1732
1732
1733
1734
1735
1736
1736
1738
1738
1738
1739
1740
1741
1741
1741
1741
1743
1744
1744
1745
1746
1747
1747
1748
1749
1751
1752
1752
1752
1752
1752
1753
1753
1754
1755
1756
1756
1759
1760
1760
1760
1761
1762
1763
1763
1764
1764
1765
1766
1767
1767
1769
1769
1770
1770
1771
1772
1773
1773
1774
1775
1775
1776
1778
1778
1779
1779
1780
1782
1783
1783
1784
1785
1786
1787
1787
1787
1788
1788
1789
1789
1790
1790
1791
1792
1793
1793
1793
1795
1796
1796
1797
1797
1798
1798
1798
1798
1799
1799
1800
1801
1801
1801
1801
1802
1802
1803
1804
1804
1805
1806
1808
1809
1810
1810
1810
1811
1811
1811
1812
1812
1812
1812
1816
1817
1817
1817
1818
1818
1820
1820
1821
1822
1822
1824
1824
1825
1827
1827
1827
1827
1827
1828
1829
1829
1830
1830
1832
1832
1832
1835
1836
1836
1837
1839
1839
1839
1840
1841
1842
1843
1843
1844
1845
1846
1848
1849
1849
1850
1850
1850
1850
1851
1851
1852
1852
1853
1853
1854
1855
1855
1856
1856
1859
1859
1860
1860
1862
1862
1863
1864
1865
1865
1866
1866
1867
1867
1868
1868
1869
1869
1870
1870
1871
1871
1872
1874
1874
1874
1875
1877
1877
1877
1878
1878
1879
1879
1879
1880
1882
1882
1882
1884
1885
1885
1885
1888
1888
1889
1889
1890
1890
1891
1891
1891
1891
1895
1895
1897
1897
1898
1898
1898
1899
1900
1900
1901
1902
1902
1902
1902
1902
1902
1903
1904
1905
1905
1906
1906
1907
1907
1909
1910
1910
1912
1913
1914
1914
1915
1915
1917
1919
1921
1921
1923
1923
1923
1923
1924
1925
1925
1926
1926
1927
1928
1928
1929
1929
1930
1931
1933
1934
1936
1936
1936
1936
1937
1937
1938
1938
1940
1940
1941
1941
1941
1944
1944
1945
1946
1946
1948
1950
1951
1951
1953
1953
1953
1953
1954
1954
1955
1955
1956
1956
1957
1957
1958
1959
1959
1961
1962
1963
1964
1965
1965
1967
1971
1972
1972
1972
1972
1973
1973
1973
1974
1975
1975
1975
1976
1977
1979
1979
1979
1981
1982
1983
1985
1986
1986
1987
1988
1988
1988
1988
1989
1989
1992
1992
1993
1993
1993
1995
1995
1997
1997
1998
1998
1999
1999
2001
2002
2003
2003
2003
2003
2006
2007
2007
2008
2008
2008
2008
2009
2010
2011
2011
2012
2012
2013
2013
2014
2014
2015
2015
2016
2016
2016
2018
2018
2019
2019
2019
2019
2019
2019
2020
2020
2022
2023
2027
2027
2027
2027
2027
2027
2028
2028
2030
2030
2030
2030
2031
2032
2033
2033
2034
2034
2035
2035
2036
2040
2040
2041
2043
2043
2044
2045
2047
2047
2049
2049
2050
2050
2051
2051
2052
2054
2056
2057
2058
2060
2060
2060
2061
2062
2064
2064
2065
2066
2066
2066
2069
2070
2070
2070
2070
2071
2072
2073
2075
2077
2077
2079
2080
2080
2082
2082
2082
2083
2084
2084
2084
2085
2085
2085
2087
2088
2089
2091
2091
2093
2094
2095
2096
2096
2096
2098
2098
2098
2100
2100
2100
2101
2102
2102
2102
2102
2103
2107
2107
2108
2109
2110
2111
2111
2113
2114
2114
2116
2117
2117
2118
2118
2120
2120
2121
2122
2123
2124
2125
2127
2128
2130
2130
2131
2132
2132
2134
2135
2135
2135
2136
2137
2140
2142
2142
2143
2143
2143
2143
2143
2144
2145
2146
2146
2147
2147
2149
2149
2149
2151
2151
2152
2152
2153
2154
2155
2155
2156
2156
2157
2157
2158
2158
2158
2158
2159
2160
2161
2161
2161
2163
2163
2163
2163
2164
2165
2165
2165
2165
2167
2167
2168
2169
2169
2170
2170
2171
2172
2172
2174
2175
2175
2175
2177
2177
2178
2180
2180
2180
2180
2181
2181
2182
2182
2183
2183
2184
2184
2185
2186
2186
2188
2190
2190
2190
2191
2193
2193
2193
2195
2196
2198
2199
2199
2200
2200
2201
2202
2202
2203
2204
2204
2205
2206
2206
2206
2206
2206
2208
2209
2209
2209
2210
2210
2211
2212
2212
2213
2213
2214
2215
2216
2217
2217
2218
2218
2219
2219
2220
2220
2221
2221
2222
2223
2223
2223
2224
2224
2226
2226
2227
2227
2229
2229
2230
2231
2232
2232
2233
2233
2234
2235
2235
2236
2236
2236
2237
2239
2239
2241
2244
2244
2245
2246
2246
2247
2248
2248
2249
2250
2251
2252
2253
2253
2256
2256
2259
2260
2260
2261
2263
2264
2264
2264
2265
2268
2270
2270
2271
2272
2273
2273
2274
2274
2275
2275
2276
2276
2276
2277
2279
2280
2281
2282
2286
2290
2291
2292
2292
2293
2293
2293
2295
2296
2296
2297
2297
2299
2300
2300
2302
2302
2302
2305
2305
2305
2306
2306
2306
2308
2308
2309
2310
2311
2312
2313
2315
2316
2316
2320
2322
2322
2322
2322
2325
2325
2325
2326
2327
2327
2327
2329
2329
2329
2330
2332
2333
2333
2334
2334
2336
2337
2337
2338
2339
2339
2340
2342
2342
2342
2344
2345
2345
2345
2346
2349
2350
2351
2351
2352
2352
2354
2356
2357
2358
2359
2360
2362
2363
2363
2365
2365
2366
2366
2367
2367
2368
2370
2372
2374
2374
2377
2377
2378
2378
2379
2379
2379
2380
2380
2380
2381
2382
2382
2382
2383
2383
2384
2384
2385
2385
2386
2387
2387
2390
2392
2394
2395
2396
2397
2397
2397
2397
2397
2398
2398
2402
2402
2403
2404
2404
2406
2407
2408
2409
2409
2412
2412
2413
2414
2417
2417
2417
2417
2419
2420
2421
2422
2424
2426
2427
2427
2428
2428
2428
2429
2429
2430
2432
2433
2433
2434
2435
2437
2440
2441
2442
2442
2444
2444
2445
2445
2445
2446
2446
2447
2447
2447
2448
2448
2450
2450
2452
2454
2454
2455
2455
2455
2455
2455
2456
2458
2458
2458
2460
2460
2461
2463
2463
2463
2463
2464
2466
2467
2467
2467
2467
2472
2475
2478
2478
2480
2480
2481
2482
2482
2482
2484
2486
2486
2488
2489
2491
2493
2493
2495
2496
2497
2497
2497
2498
2499
2499
2501
2501
2502
2505
2505
2505
2508
2509
2510
2511
2511
2512
2512
2513
2513
2514
2515
2519
2519
2519
2521
2522
2522
2525
2528
2528
2529
2529
2531
2532
2533
2533
2534
2534
2535
2536
2536
2536
2537
2537
2537
2538
2539
2541
2542
2542
2542
2543
2544
2544
2545
2545
2545
2546
2547
2547
2547
2547
2548
2548
2549
2550
2550
2551
2551
2552
2553
2554
2555
2555
2556
2556
2556
2558
2560
2561
2562
2563
2564
2564
2565
2565
2566
2566
2567
2567
2568
2569
2570
2572
2572
2573
2574
2574
2575
2576
2578
2579
2580
2580
2580
2580
2580
2580
2582
2582
2582
2582
2583
2583
2584
2584
2586
2587
2587
2587
2588
2590
2590
2590
2592
2592
2593
2593
2595
2596
2596
2597
2599
2600
2600
2602
2602
2602
2604
2605
2605
2605
2605
2605
2608
2609
2609
2610
2610
2610
2611
2611
2612
2613
2613
2614
2615
2619
2619
2620
2621
2623
2624
2624
2624
2624
2625
2627
2628
2628
2628
2630
2631
2632
2632
2633
2633
2635
2635
2637
2637
2638
2638
2638
2639
2639
2639
2641
2641
2642
2642
2643
2644
2645
2646
2648
2648
2649
2651
2651
2651
2652
2652
2652
2654
2655
2655
2655
2657
2657
2658
2658
2659
2659
2659
2661
2662
2663
2663
2664
2664
2664
2665
2665
2666
2668
2670
2671
2671
2672
2674
2676
2678
2678
2678
2679
2679
2679
2680
2681
2681
2682
2683
2684
2686
2686
2687
2687
2688
2689
2690
2690
2690
2691
2693
2694
2694
2695
2696
2696
2697
2698
2699
2700
2701
2701
2702
2702
2703
2703
2706
2706
2708
2708
2708
2709
2711
2712
2712
2713
2715
2716
2716
2716
2717
2717
2717
2717
2717
2718
2719
2719
2720
2720
2721
2721
2721
2721
2725
2725
2726
2727
2728
2729
2729
2730
2730
2731
2732
2733
2733
2734
2736
2736
2737
2737
2739
2739
2742
2742
2742
2743
2743
2743
2743
2744
2744
2744
2744
2745
2746
2746
2747
2748
2749
2750
2750
2750
2751
2751
2752
2752
2752
2754
2754
2755
2755
2757
2757
2758
2758
2759
2759
2760
2761
2761
2762
2762
2763
2764
2764
2767
2767
2767
2768
2771
2772
2773
2773
2773
2773
2773
2774
2775
2776
2776
2777
2778
2779
2779
2780
2780
2783
2783
2786
2787
2788
2790
2790
2791
2793
2797
2798
2799
2800
2802
2803
2804
2805
2807
2807
2807
2808
2809
2812
2813
2813
2814
2815
2815
2816
2817
2817
2817
2818
2818
2819
2820
2824
2824
2824
2825
2828
2828
2829
2829
2831
2832
2833
2834
2834
2839
2841
2842
2842
2843
2844
2846
2847
2847
2849
2849
2849
2851
2853
2853
2854
2854
2856
2857
2857
2858
2860
2862
2862
2863
2863
2864
2865
2865
2865
2868
2876
2877
2879
2883
2883
2884
2886
2886
2887
2887
2890
2891
2891
2893
2894
2894
2898
2900
2901
2902
2905
2905
2906
2907
2911
2911
2912
2913
2913
2913
2914
2915
2916
2916
2917
2919
2920
2922
2923
2924
2924
2925
2926
2929
2930
2930
2931
2931
2932
2934
2935
2937
2937
2937
2938
2939
2943
2943
2945
2945
2946
2946
2948
2948
2948
2952
2953
2956
2957
2957
2958
2961
2961
2962
2963
2963
2963
2966
2966
2970
2970
2971
2972
2973
2973
2973
2974
2975
2975
2975
2977
2977
2979
2982
2982
2982
2985
2985
2987
2987
2988
2988
2989
2989
2991
2991
2991
2992
2994
2996
2996
2996
2996
3000
3001
3002
3002
3002
3009
3009
3012
3013
3014
3015
3019
3020
3022
3024
3024
3025
3026
3027
3028
3029
3029
3031
3032
3033
3034
3036
3038
3039
3039
3042
3042
3043
3044
3044
3046
3046
3047
3047
3048
3048
3050
3051
3052
3052
3054
3061
3062
3064
3064
3066
3069
3070
3070
3071
3071
3071
3072
3072
3074
3076
3078
3079
3084
3084
3084
3085
3090
3090
3092
3092
3092
3092
3093
3095
3095
3095
3096
3097
3101
3102
3103
3105
3107
3107
3109
3109
3111
3112
3118
3119
3120
3121
3123
3125
3126
3126
3127
3128
3128
3128
3130
3131
3133
3133
3134
3135
3136
3137
3138
3139
3139
3140
3140
3140
3141
3143
3143
3148
3148
3150
3152
3152
3152
3154
3154
3154
3155
3159
3160
3160
3162
3164
3165
3166
3167
3168
3168
3169
3171
3172
3172
3176
3177
3180
3181
3184
3186
3186
3188
3189
3189
3191
3191
3191
3193
3193
3196
3197
3199
3199
3201
3202
3204
3205
3205
3206
3207
3207
3207
3210
3210
3210
3211
3211
3211
3212
3214
3216
3217
3217
3218
3219
3220
3220
3220
3221
3222
3222
3223
3223
3224
3224
3224
3226
3226
3227
3227
3229
3229
3230
3231
3232
3234
3235
3236
3237
3237
3239
3239
3241
3242
3243
3244
3246
3247
3247
3248
3248
3250
3251
3251
3252
3252
3252
3253
3254
3254
3257
3261
3264
3264
3265
3267
3268
3268
3270
3270
3275
3275
3276
3276
3279
3279
3280
3280
3280
3280
3281
3284
3285
3286
3287
3291
3292
3292
3295
3296
3297
3297
3298
3298
3299
3300
3300
3300
3302
3302
3304
3305
3307
3307
3308
3308
3308
3308
3309
3314
3315
3318
3320
3321
3321
3322
3323
3324
3324
3330
3331
3332
3332
3333
3335
3337
3337
3338
3340
3341
3342
3342
3345
3348
3349
3349
3349
3353
3355
3356
3357
3357
3357
3358
3359
3360
3362
3362
3363
3364
3365
3367
3369
3370
3371
3372
3374
3376
3377
3378
3379
3379
3379
3382
3385
3386
3386
3387
3388
3389
3389
3390
3392
3392
3394
3396
3400
3403
3404
3404
3405
3411
3411
3412
3414
3414
3414
3415
3417
3420
3424
3425
3425
3427
3430
3432
3433
3433
3437
3439
3439
3440
3440
3441
3443
3443
3447
3448
3448
3450
3450
3453
3453
3453
3456
3458
3459
3460
3462
3462
3465
3465
3466
3468
3469
3470
3472
3472
3473
3473
3475
3476
3476
3476
3477
3477
3478
3478
3480
3481
3483
3483
3485
3486
3487
3488
3488
3489
3490
3491
3492
3492
3493
3496
3496
3497
3498
3501
3501
3501
3502
3503
3503
3504
3504
3505
3506
3506
3507
3508
3510
3510
3513
3513
3514
3516
3516
3516
3516
3517
3520
3521
3521
3521
3522
3523
3523
3523
3526
3526
3526
3527
3527
3529
3530
3530
3531
3534
3534
3536
3537
3538
3539
3539
3540
3540
3541
3544
3544
3545
3545
3545
3548
3548
3548
3549
3550
3550
3551
3552
3553
3554
3556
3562
3562
3562
3562
3563
3564
3564
3564
3565
3565
3569
3569
3569
3570
3570
3573
3573
3574
3577
3578
3578
3579
3580
3580
3582
3585
3585
3586
3586
3588
3590
3590
3592
3594
3595
3598
3599
3602
3603
3604
3608
3609
3610
3611
3611
3611
3612
3613
3613
3614
3614
3615
3616
3616
3616
3616
3616
3619
3620
3620
3622
3623
3624
3624
3625
3625
3625
3626
3628
3630
3631
3631
3633
3634
3636
3636
3638
3642
3643
3643
3644
3645
3645
3646
3646
3646
3647
3647
3647
3649
3649
3650
3652
3653
3655
3657
3658
3659
3660
3661
3663
3664
3664
3665
3665
3665
3665
3665
3666
3666
3667
3667
3670
3671
3673
3675
3676
3677
3678
3678
3678
3680
3681
3681
3682
3682
3684
3684
3684
3685
3686
3687
3689
3689
3691
3692
3693
3694
3694
3695
3697
3697
3699
3702
3702
3703
3707
3707
3708
3709
3710
3710
3713
3715
3715
3716
3716
3716
3722
3722
3723
3724
3725
3726
3728
3729
3730
3731
3732
3733
3734
3735
3735
3738
3739
3740
3743
3743
3746
3747
3747
3750
3750
3750
3752
3753
3753
3753
3757
3758
3758
3759
3760
3762
3763
3764
3766
3766
3767
3767
3769
3770
3771
3772
3774
3774
3776
3776
3778
3780
3780
3781
3781
3783
3783
3783
3785
3785
3787
3787
3788
3788
3788
3788
3789
3792
3793
3793
3795
3796
3797
3798
3798
3801
3802
3803
3804
3806
3806
3806
3807
3808
3809
3812
3813
3815
3816
3816
3816
3818
3819
3820
3821
3823
3824
3826
3828
3829
3832
3832
3833
3833
3834
3834
3835
3836
3836
3836
3839
3840
3843
3844
3845
3848
3852
3854
3854
3855
3856
3857
3858
3861
3862
3863
3863
3863
3864
3864
3864
3868
3868
3868
3868
3872
3872
3874
3875
3876
3878
3880
3881
3881
3882
3883
3885
3885
3886
3887
3888
3889
3892
3892
3894
3897
3898
3898
3901
3904
3904
3905
3908
3910
3911
3911
3911
3914
3914
3915
3915
3916
3916
3917
3922
3924
3928
3929
3931
3931
3931
3931
3932
3934
3934
3935
3935
3936
3936
3938
3938
3938
3940
3940
3940
3941
3943
3944
3945
3948
3948
3950
3951
3951
3952
3953
3954
3956
3956
3957
3959
3960
3960
3962
3963
3963
3963
3964
3965
3966
3967
3967
3967
3967
3971
3973
3974
3975
3975
3975
3975
3975
3976
3976
3982
3983
3984
3984
3987
3989
3989
3992
3994
3994
3994
3995
3995
3997
3997
3998
3998
3999
3999
3999
4002
4003
4003
4003
4004
4004
4010
4010
4010
4010
4010
4010
4011
4012
4014
4015
4017
4018
4019
4019
4021
4025
4025
4026
4027
4027
4029
4029
4029
4029
4029
4030
4030
4030
4030
4032
4032
4033
4033
4034
4034
4036
4036
4036
4036
4037
4037
4037
4038
4038
4039
4041
4042
4043
4046
4047
4049
4050
4050
4052
4052
4054
4055
4059
4061
4061
4062
4066
4068
4068
4070
4080
4080
4081
4081
4083
4086
4088
4089
4089
4089
4090
4090
4090
4091
4092
4092
4093
4094
4095
4096
4097
4097
4098
4098
4099
4100
4103
4103
4105
4107
4108
4108
4110
4112
4112
4115
4116
4117
4121
4121
4123
4123
4124
4124
4127
4127
4128
4128
4128
4129
4130
4130
4130
4131
4132
4133
4133
4133
4134
4134
4135
4138
4138
4138
4138
4139
4139
4140
4140
4141
4142
4142
4142
4144
4146
4146
4146
4147
4150
4150
4152
4153
4153
4156
4157
4157
4158
4162
4162
4163
4163
4163
4165
4166
4167
4169
4171
4171
4172
4172
4173
4175
4178
4178
4179
4179
4180
4182
4182
4182
4182
4184
4184
4184
4185
4186
4187
4187
4192
4194
4195
4195
4197
4199
4199
4201
4202
4204
4206
4206
4209
4209
4211
4211
4212
4213
4214
4215
4216
4217
4217
4217
4219
4219
4220
4220
4221
4221
4222
4222
4225
4226
4227
4228
4232
4233
4234
4234
4234
4236
4236
4236
4239
4239
4240
4241
4241
4242
4242
4243
4243
4244
4245
4247
4249
4249
4250
4250
4254
4255
4255
4258
4258
4260
4260
4260
4261
4262
4264
4269
4270
4273
4277
4277
4278
4279
4279
4280
4281
4281
4282
4283
4285
4286
4286
4287
4287
4289
4289
4289
4290
4290
4290
4291
4305
4306
4307
4307
4309
4310
4310
4311
4311
4314
4315
4315
4315
4316
4317
4317
4317
4319
4320
4321
4321
4322
4325
4325
4326
4328
4329
4329
4330
4332
4332
4333
4334
4334
4335
4336
4337
4337
4338
4340
4341
4341
4344
4345
4347
4349
4351
4354
4354
4354
4355
4356
4356
4357
4358
4358
4360
4361
4362
4362
4363
4363
4363
4365
4366
4372
4373
4374
4376
4377
4378
4378
4378
4381
4383
4384
4384
4385
4385
4385
4386
4386
4387
4387
4389
4389
4391
4391
4391
4391
4392
4392
4392
4392
4393
4394
4394
4394
4394
4394
4396
4397
4397
4398
4398
4399
4399
4399
4399
4402
4403
4403
4407
4408
4414
4414
4415
4415
4415
4420
4420
4420
4420
4423
4423
4424
4425
4426
4426
4426
4426
4427
4429
4431
4432
4433
4434
4437
4437
4437
4438
4438
4441
4441
4442
4442
4442
4443
4444
4445
4447
4449
4451
4451
4454
4454
4456
4456
4456
4457
4458
4458
4459
4461
4462
4462
4462
4464
4466
4466
4468
4468
4468
4469
4470
4471
4472
4472
4473
4476
4479
4480
4480
4483
4484
4486
4487
4489
4491
4492
4492
4493
4495
4495
4496
4498
4499
4501
4501
4502
4503
4504
4506
4508
4510
4511
4511
4511
4512
4513
4513
4515
4516
4516
4516
4518
4520
4521
4522
4523
4529
4530
4532
4534
4535
4535
4537
4541
4542
4542
4543
4543
4544
4544
4546
4547
4549
4552
4555
4555
4555
4555
4556
4557
4558
4559
4559
4559
4560
4562
4563
4564
4565
4565
4566
4568
4569
4569
4570
4571
4571
4572
4572
4573
4573
4575
4575
4576
4576
4579
4579
4579
4580
4581
4581
4583
4583
4583
4585
4586
4587
4587
4589
4589
4592
4596
4596
4596
4596
4598
4602
4603
4604
4605
4608
4609
4610
4611
4611
4611
4611
4612
4612
4612
4612
4614
4614
4616
4618
4619
4619
4620
4621
4622
4622
4623
4624
4625
4625
4625
4628
4628
4631
4631
4633
4634
4635
4636
4637
4638
4640
4641
4646
4648
4650
4650
4656
4658
4660
4660
4661
4663
4664
4664
4666
4667
4668
4669
4669
4671
4672
4672
4676
4679
4679
4679
4679
4681
4682
4683
4684
4684
4685
4687
4688
4688
4691
4693
4693
4695
4696
4701
4709
4710
4711
4712
4715
4715
4716
4719
4719
4720
4720
4721
4723
4723
4723
4724
4727
4729
4730
4732
4733
4735
4735
4736
4736
4738
4738
4741
4741
4742
4744
4746
4748
4748
4748
4749
4749
4749
4749
4750
4750
4757
4757
4759
4759
4761
4762
4762
4763
4765
4765
4767
4768
4768
4768
4768
4770
4770
4770
4773
4773
4775
4775
4776
4776
4777
4777
4777
4779
4779
4779
4783
4784
4785
4787
4787
4787
4788
4789
4789
4790
4791
4791
4791
4792
4792
4793
4793
4795
4796
4799
4800
4802
4802
4805
4805
4812
4813
4816
4816
4817
4820
4820
4821
4822
4822
4822
4824
4824
4825
4826
4827
4827
4828
4829
4830
4832
4832
4835
4838
4839
4839
4840
4840
4842
4843
4843
4843
4846
4846
4848
4848
4849
4850
4850
4851
4853
4854
4856
4856
4856
4857
4860
4861
4861
4861
4863
4863
4865
4865
4869
4870
4870
4871
4871
4874
4875
4876
4876
4876
4877
4877
4878
4878
4882
4882
4885
4887
4889
4889
4889
4890
4890
4894
4895
4895
4896
4896
4898
4898
4899
4899
4900
4900
4900
4902
4903
4903
4905
4911
4911
4911
4913
4914
4916
4917
4917
4920
4923
4923
4924
4925
4926
4926
4926
4926
4926
4927
4928
4928
4928
4931
4933
4934
4935
4936
4936
4936
4937
4940
4941
4941
4941
4942
4943
4945
4945
4946
4950
4950
4951
4954
4954
4955
4955
4955
4955
4955
4958
4961
4963
4964
4965
4965
4967
4968
4969
4969
4970
4970
4972
4972
4973
4974
4975
4977
4983
4984
4985
4985
4985
4985
4986
4987
4987
4988
4989
4990
4991
4991
4991
4992
4992
4994
4994
4995
4995
4997
4999
5000
5000
5001
5001
5004
5005
5005
5006
5009
5009
5011
5012
5014
5017
5018
5018
5018
5020
5024
5027
5032
5036
5037
5037
5038
5039
5039
5043
5043
5044
5044
5045
5047
5050
5050
5051
5055
5055
5055
5056
5056
5056
5058
5059
5061
5062
5063
5063
5064
5065
5067
5069
5070
5071
5072
5074
5074
5074
5074
5074
5076
5077
5079
5081
5081
5083
5084
5089
5091
5092
5095
5095
5097
5098
5099
5100
5103
5103
5105
5105
5105
5106
5107
5108
5108
5109
5110
5111
5114
5115
5116
5116
5116
5116
5117
5117
5118
5122
5124
5124
5125
5125
5125
5127
5127
5128
5128
5132
5134
5134
5134
5134
5134
5135
5135
5135
5138
5138
5139
5141
5143
5143
5143
5143
5144
5145
5145
5146
5147
5148
5149
5151
5151
5152
5154
5155
5156
5156
5157
5157
5158
5159
5160
5160
5161
5161
5162
5163
5164
5164
5165
5165
5166
5167
5168
5169
5169
5170
5171
5172
5174
5175
5175
5177
5178
5179
5182
5182
5184
5184
5184
5185
5186
5186
5187
5187
5188
5190
5190
5190
5193
5194
5195
5195
5195
5196
5197
5197
5198
5198
5200
5200
5201
5202
5203
5203
5203
5204
5206
5208
5208
5209
5209
5210
5211
5212
5212
5213
5214
5216
5217
5218
5220
5220
5223
5223
5223
5224
5224
5226
5227
5228
5229
5229
5230
5234
5234
5236
5236
5238
5239
5240
5240
5243
5244
5245
5246
5249
5251
5251
5251
5254
5255
5258
5259
5259
5259
5259
5260
5262
5263
5267
5268
5268
5269
5270
5271
5272
5272
5273
5275
5275
5276
5276
5277
5278
5278
5278
5278
5282
5283
5284
5284
5284
5289
5289
5292
5293
5295
5296
5298
5300
5300
5301
5301
5301
5302
5305
5305
5308
5308
5308
5309
5315
5316
5317
5317
5318
5319
5322
5322
5323
5325
5329
5330
5332
5334
5335
5337
5337
5337
5337
5337
5338
5338
5339
5340
5340
5341
5341
5342
5347
5347
5350
5351
5352
5352
5353
5355
5361
5362
5362
5363
5364
5365
5365
5371
5372
5373
5374
5375
5375
5376
5377
5378
5378
5384
5384
5386
5389
5389
5389
5390
5390
5391
5391
5391
5392
5392
5393
5394
5395
5396
5396
5397
5397
5398
5398
5399
5400
5401
5402
5402
5403
5403
5406
5411
5412
5414
5414
5417
5418
5418
5425
5426
5428
5428
5428
5429
5432
5432
5434
5434
5435
5438
5440
5441
5441
5441
5443
5443
5444
5444
5446
5447
5448
5449
5451
5455
5455
5456
5456
5457
5457
5460
5462
5463
5464
5465
5466
5469
5470
5470
5471
5474
5476
5476
5476
5477
5478
5478
5480
5482
5482
5484
5485
5485
5487
5487
5487
5489
5489
5490
5493
5494
5495
5495
5496
5497
5500
5501
5502
5503
5504
5504
5505
5511
5512
5514
5515
5515
5515
5519
5520
5521
5523
5524
5524
5526
5527
5527
5527
5528
5528
5528
5530
5532
5532
5533
5535
5536
5537
5538
5540
5543
5544
5544
5544
5545
5546
5548
5548
5548
5551
5552
5555
5556
5556
5558
5560
5563
5563
5567
5568
5568
5568
5571
5572
5572
5573
5574
5577
5577
5578
5580
5581
5581
5581
5582
5582
5584
5584
5585
5586
5587
5587
5587
5587
5588
5589
5590
5590
5591
5593
5594
5595
5597
5599
5601
5601
5602
5603
5603
5603
5604
5604
5605
5607
5609
5611
5615
5616
5617
5622
5622
5622
5624
5624
5626
5626
5627
5630
5630
5631
5634
5634
5635
5635
5637
5638
5638
5642
5642
5642
5642
5643
5643
5643
5645
5645
5646
5646
5646
5647
5648
5649
5649
5649
5651
5654
5654
5658
5658
5660
5661
5661
5661
5662
5664
5665
5665
5665
5666
5666
5667
5667
5669
5669
5671
5672
5673
5674
5675
5675
5678
5679
5679
5679
5679
5680
5681
5682
5683
5684
5686
5688
5689
5693
5694
5694
5696
5696
5697
5697
5698
5699
5699
5700
5701
5701
5702
5703
5703
5704
5706
5709
5712
5712
5713
5713
5715
5718
5718
5718
5719
5720
5720
5723
5725
5729
5732
5732
5733
5734
5735
5736
5737
5737
5738
5739
5741
5742
5743
5743
5744
5745
5745
5746
5747
5748
5748
5749
5750
5752
5754
5754
5756
5760
5762
5763
5763
5764
5764
5765
5765
5765
5766
5766
5767
5767
5770
5770
5770
5770
5771
5771
5771
5775
5777
5777
5778
5782
5782
5782
5784
5785
5785
5786
5786
5788
5791
5791
5794
5795
5796
5797
5798
5800
5800
5801
5802
5805
5805
5809
5811
5811
5814
5814
5814
5815
5817
5817
5817
5819
5821
5822
5823
5824
5824
5825
5825
5826
5827
5828
5829
5829
5829
5833
5834
5836
5836
5837
5838
5838
5840
5840
5840
5842
5843
5844
5845
5846
5847
5848
5849
5851
5851
5851
5852
5853
5853
5854
5854
5854
5859
5859
5860
5862
5864
5865
5866
5866
5867
5867
5869
5870
5871
5871
5874
5874
5875
5875
5877
5878
5879
5879
5879
5880
5882
5883
5885
5885
5887
5888
5890
5893
5894
5895
5895
5899
5901
5901
5902
5903
5904
5905
5905
5906
5906
5908
5909
5910
5911
5911
5911
5912
5915
5917
5917
5918
5918
5919
5920
5922
5922
5922
5923
5924
5924
5927
5927
5929
5930
5931
5931
5931
5932
5933
5933
5934
5935
5938
5939
5940
5945
5946
5946
5948
5951
5952
5952
5953
5955
5956
5956
5961
5963
5963
5964
5964
5964
5965
5965
5967
5968
5969
5969
5969
5970
5971
5972
5973
5973
5974
5975
5976
5977
5977
5977
5978
5980
5980
5981
5983
5983
5984
5985
5985
5989
5992
5993
5996
5996
5999
6000
6001
6002
6005
6006
6006
6007
6012
6013
6013
6013
6015
6015
6021
6021
6023
6024
6025
6026
6027
6030
6030
6030
6031
6031
6035
6036
6038
6038
6039
6044
6045
6049
6049
6050
6051
6051
6052
6053
6056
6057
6059
6060
6061
6061
6062
6064
6065
6065
6067
6070
6072
6074
6076
6077
6078
6080
6081
6082
6083
6084
6085
6085
6087
6087
6089
6090
6091
6092
6093
6093
6093
6093
6094
6094
6094
6096
6102
6104
6104
6105
6105
6105
6110
6111
6112
6112
6113
6116
6116
6116
6117
6117
6119
6121
6124
6125
6127
6128
6128
6128
6128
6130
6131
6134
6135
6136
6136
6138
6141
6141
6141
6142
6147
6147
6147
6148
6152
6152
6153
6155
6155
6156
6156
6156
6158
6159
6161
6161
6161
6162
6165
6167
6168
6168
6169
6170
6170
6171
6174
6176
6178
6179
6179
6183
6183
6183
6184
6184
6184
6184
6185
6187
6187
6189
6192
6195
6197
6197
6198
6199
6200
6201
6203
6203
6204
6206
6206
6206
6208
6208
6208
6209
6209
6209
6209
6209
6209
6211
6212
6213
6214
6215
6215
6217
6218
6218
6218
6219
6220
6221
6222
6222
6224
6225
6225
6229
6232
6232
6233
6235
6237
6237
6241
6241
6241
6241
6242
6242
6243
6244
6244
6245
6245
6246
6246
6247
6247
6251
6251
6251
6254
6255
6255
6256
6256
6258
6259
6259
6259
6261
6262
6262
6265
6266
6266
6271
6277
6278
6282
6284
6285
6287
6287
6288
6289
6289
6289
6289
6290
6291
6291
6292
6292
6294
6295
6297
6298
6299
6300
6303
6306
6306
6308
6309
6310
6311
6312
6313
6314
6316
6317
6317
6319
6319
6321
6324
6325
6327
6329
6331
6331
6332
6333
6333
6334
6336
6337
6339
6340
6342
6344
6345
6345
6346
6346
6347
6347
6348
6348
6350
6350
6354
6355
6357
6358
6359
6359
6359
6361
6363
6366
6366
6366
6367
6367
6372
6373
6373
6374
6374
6374
6375
6376
6377
6379
6379
6381
6381
6383
6383
6386
6387
6388
6390
6391
6391
6393
6395
6397
6399
6401
6401
6402
6406
6407
6408
6412
6412
6412
6413
6416
6418
6420
6421
6422
6424
6424
6426
6432
6432
6434
6436
6440
6441
6441
6441
6443
6443
6445
6445
6447
6448
6449
6451
6452
6454
6455
6460
6462
6464
6464
6464
6465
6468
6471
6476
6478
6478
6480
6481
6481
6484
6485
6487
6488
6488
6489
6489
6491
6494
6496
6499
6501
6501
6501
6502
6502
6502
6503
6504
6504
6507
6508
6510
6511
6511
6511
6511
6511
6512
6512
6512
6513
6513
6514
6515
6516
6516
6516
6518
6518
6520
6521
6521
6521
6522
6522
6524
6524
6525
6526
6528
6529
6529
6530
6530
6532
6534
6535
6536
6541
6545
6547
6550
6551
6552
6553
6553
6555
6555
6557
6558
6558
6560
6560
6561
6563
6565
6567
6567
6569
6571
6572
6572
6572
6573
6573
6574
6575
6575
6575
6576
6578
6581
6582
6582
6582
6584
6586
6589
6589
6590
6592
6592
6594
6594
6595
6595
6597
6598
6599
6599
6599
6600
6601
6606
6608
6610
6611
6611
6611
6613
6614
6614
6615
6617
6618
6619
6619
6620
6620
6623
6625
6626
6626
6630
6631
6632
6634
6635
6638
6638
6641
6642
6644
6645
6645
6646
6650
6650
6650
6650
6651
6654
6654
6658
6658
6658
6659
6659
6659
6660
6661
6662
6663
6668
6672
6672
6673
6674
6674
6675
6675
6675
6676
6677
6678
6679
6679
6680
6682
6682
6683
6684
6684
6684
6684
6685
6685
6685
6685
6688
6688
6689
6693
6694
6694
6694
6695
6699
6700
6700
6708
6710
6712
6712
6712
6713
6713
6715
6716
6720
6721
6721
6722
6722
6723
6724
6726
6728
6730
6730
6730
6731
6731
6732
6733
6734
6735
6735
6737
6737
6738
6739
6742
6742
6743
6743
6743
6745
6747
6749
6749
6752
6753
6758
6760
6761
6761
6762
6764
6764
6765
6767
6767
6767
6769
6772
6777
6779
6780
6780
6782
6783
6783
6784
6785
6787
6787
6788
6790
6790
6791
6792
6792
6795
6797
6798
6798
6800
6801
6801
6802
6805
6807
6808
6808
6809
6809
6810
6812
6812
6812
6814
6815
6815
6816
6817
6819
6820
6823
6823
6824
6826
6827
6828
6829
6829
6830
6830
6830
6830
6833
6833
6834
6834
6835
6836
6838
6838
6839
6839
6840
6841
6842
6843
6846
6847
6847
6847
6847
6848
6848
6849
6850
6851
6851
6852
6853
6853
6855
6856
6856
6856
6858
6858
6861
6862
6862
6863
6863
6863
6865
6865
6867
6868
6870
6871
6874
6874
6876
6876
6878
6879
6881
6882
6882
6883
6883
6883
6883
6884
6887
6887
6888
6889
6889
6889
6890
6890
6897
6898
6900
6901
6902
6903
6903
6904
6904
6906
6908
6909
6909
6910
6911
6911
6912
6914
6915
6916
6917
6917
6919
6919
6920
6921
6922
6924
6925
6926
6926
6926
6927
6928
6929
6931
6933
6933
6934
6935
6936
6936
6944
6944
6949
6952
6952
6953
6954
6954
6954
6954
6955
6956
6958
6960
6964
6968
6968
6968
6970
6970
6971
6972
6972
6973
6973
6974
6975
6977
6979
6979
6979
6980
6981
6982
6984
6984
6987
6988
6992
6992
6992
6992
6996
6997
6997
6998
6998
6998
6998
6998
7000
7002
7004
7004
7004
7008
7011
7012
7013
7013
7014
7015
7015
7019
7020
7022
7023
7023
7024
7026
7026
7027
7027
7031
7031
7032
7033
7036
7038
7038
7039
7039
7039
7042
7042
7043
7044
7044
7045
7046
7047
7048
7049
7049
7049
7050
7052
7054
7055
7057
7057
7057
7057
7059
7062
7064
7065
7066
7067
7069
7071
7072
7073
7074
7074
7074
7075
7076
7077
7077
7078
7079
7082
7083
7084
7091
7091
7091
7093
7093
7093
7094
7096
7096
7098
7099
7100
7102
7103
7103
7103
7103
7105
7106
7107
7107
7108
7109
7113
7114
7117
7117
7117
7118
7118
7118
7120
7121
7123
7124
7124
7124
7125
7125
7127
7127
7128
7129
7129
7129
7130
7132
7134
7134
7136
7137
7137
7138
7139
7139
7139
7140
7143
7143
7143
7143
7146
7146
7146
7147
7148
7149
7151
7151
7151
7151
7152
7153
7153
7154
7155
7155
7156
7158
7160
7162
7164
7166
7166
7167
7167
7170
7174
7176
7177
7178
7179
7179
7179
7179
7180
7180
7181
7182
7182
7182
7183
7186
7186
7187
7188
7189
7191
7192
7192
7195
7195
7196
7196
7196
7197
7197
7199
7200
7200
7201
7201
7201
7202
7205
7205
7206
7206
7207
7208
7208
7209
7209
7210
7211
7214
7214
7214
7215
7215
7215
7217
7218
7219
7219
7220
7222
7223
7225
7225
7225
7226
7226
7227
7231
7231
7233
7234
7236
7236
7237
7237
7237
7238
7239
7240
7241
7242
7242
7242
7245
7249
7249
7250
7251
7253
7254
7254
7256
7256
7256
7258
7258
7258
7259
7260
7260
7262
7262
7263
7263
7264
7264
7268
7268
7269
7269
7273
7276
7276
7276
7277
7278
7278
7278
7279
7281
7282
7284
7284
7285
7285
7287
7289
7289
7292
7294
7295
7295
7296
7297
7297
7298
7300
7301
7301
7301
7302
7304
7305
7306
7308
7309
7310
7311
7313
7315
7316
7316
7319
7319
7320
7321
7321
7325
7325
7327
7327
7328
7331
7332
7333
7334
7334
7335
7337
7342
7345
7348
7350
7350
7353
7355
7356
7356
7358
7358
7360
7360
7360
7362
7365
7365
7366
7366
7366
7367
7368
7371
7372
7374
7374
7374
7378
7378
7379
7381
7384
7384
7385
7385
7386
7387
7390
7393
7393
7395
7396
7397
7397
7398
7398
7400
7400
7401
7401
7404
7405
7406
7407
7407
7408
7411
7411
7412
7412
7413
7414
7415
7415
7417
7417
7418
7418
7419
7421
7422
7423
7424
7425
7425
7427
7431
7432
7434
7435
7435
7436
7437
7437
7439
7440
7441
7444
7447
7447
7449
7450
7450
7452
7453
7453
7454
7457
7459
7460
7461
7461
7462
7462
7463
7467
7468
7471
7471
7474
7474
7475
7475
7475
7476
7477
7477
7478
7478
7479
7480
7482
7483
7484
7484
7485
7485
7486
7488
7489
7491
7491
7491
7491
7492
7492
7492
7494
7494
7495
7497
7499
7499
7502
7503
7503
7504
7505
7506
7508
7509
7509
7510
7510
7511
7511
7511
7516
7517
7518
7521
7524
7527
7527
7528
7528
7528
7529
7529
7530
7530
7532
7535
7535
7535
7537
7542
7547
7547
7547
7548
7550
7551
7553
7554
7555
7555
7556
7556
7556
7557
7557
7560
7562
7562
7563
7564
7565
7565
7566
7567
7568
7569
7571
7573
7575
7575
7576
7577
7578
7579
7580
7580
7581
7583
7583
7585
7586
7591
7592
7592
7593
7595
7600
7603
7606
7606
7607
7609
7610
7610
7611
7612
7613
7613
7614
7614
7617
7618
7618
7620
7620
7620
7622
7623
7623
7624
7624
7631
7633
7638
7641
7643
7643
7644
7647
7647
7647
7648
7649
7649
7651
7654
7656
7657
7662
7662
7663
7665
7667
7667
7668
7671
7671
7674
7675
7676
7677
7677
7679
7681
7682
7683
7684
7684
7686
7689
7690
7691
7691
7692
7693
7695
7695
7695
7696
7696
7697
7698
7699
7700
7701
7704
7705
7705
7707
7707
7707
7708
7708
7709
7709
7711
7712
7713
7717
7720
7721
7722
7722
7722
7724
7726
7727
7727
7727
7728
7728
7729
7731
7731
7732
7733
7733
7733
7736
7737
7737
7741
7741
7745
7746
7746
7748
7750
7750
7753
7753
7754
7754
7755
7756
7757
7758
7760
7760
7760
7763
7767
7768
7769
7770
7771
7771
7774
7775
7776
7776
7777
7777
7777
7781
7783
7783
7784
7785
7785
7786
7786
7787
7787
7789
7790
7790
7791
7792
7793
7794
7795
7799
7801
7801
7802
7802
7804
7807
7813
7815
7815
7815
7816
7818
7818
7819
7819
7821
7821
7821
7822
7823
7823
7823
7824
7824
7825
7826
7826
7826
7827
7827
7828
7828
7831
7834
7834
7834
7835
7835
7836
7836
7838
7839
7840
7841
7842
7842
7843
7844
7845
7845
7845
7846
7846
7848
7848
7849
7849
7851
7852
7852
7853
7854
7858
7859
7862
7864
7865
7866
7868
7868
7869
7869
7870
7871
7872
7872
7873
7874
7874
7874
7874
7877
7879
7879
7880
7881
7884
7887
7887
7889
7890
7894
7894
7894
7894
7895
7897
7900
7900
7901
7901
7901
7902
7902
7903
7905
7905
7905
7905
7906
7907
7909
7909
7910
7910
7911
7911
7913
7913
7916
7917
7917
7920
7920
7920
7921
7922
7922
7923
7923
7923
7928
7929
7929
7930
7931
7932
7932
7936
7939
7939
7940
7940
7942
7942
7943
7947
7948
7949
7950
7952
7953
7954
7955
7955
7957
7957
7958
7959
7959
7959
7960
7961
7961
7962
7967
7967
7970
7970
7971
7973
7975
7977
7977
7978
7982
7982
7984
7984
7985
7985
7985
7987
7988
7989
7990
7991
7993
7993
7993
7998
7999
7999
8000
8006
8008
8010
8010
8011
8011
8012
8013
8013
8017
8021
8021
8022
8022
8024
8026
8028
8031
8032
8037
8039
8040
8042
8044
8049
8050
8050
8052
8052
8053
8054
8054
8055
8056
8056
8060
8061
8062
8063
8064
8065
8066
8066
8066
8068
8072
8072
8072
8072
8073
8073
8074
8074
8074
8075
8075
8076
8078
8079
8079
8081
8082
8086
8087
8087
8088
8088
8089
8090
8091
8092
8096
8098
8098
8099
8101
8101
8103
8103
8104
8105
8106
8108
8109
8109
8112
8112
8112
8113
8114
8115
8117
8118
8118
8118
8118
8126
8127
8127
8128
8128
8129
8129
8133
8134
8136
8137
8137
8138
8138
8139
8140
8142
8142
8146
8147
8147
8148
8150
8151
8152
8152
8153
8154
8156
8156
8160
8162
8162
8163
8164
8164
8165
8165
8169
8169
8171
8171
8173
8173
8175
8178
8178
8180
8180
8185
8185
8189
8189
8189
8190
8190
8192
8193
8194
8195
8195
8196
8196
8198
8198
8199
8201
8202
8204
8204
8204
8207
8208
8210
8211
8211
8211
8212
8212
8215
8216
8217
8218
8222
8222
8223
8224
8226
8226
8227
8228
8230
8230
8230
8232
8232
8233
8233
8233
8234
8234
8235
8236
8237
8238
8238
8238
8240
8240
8242
8242
8244
8245
8247
8250
8250
8250
8253
8255
8257
8258
8258
8259
8259
8260
8261
8261
8262
8262
8264
8265
8265
8266
8266
8268
8269
8272
8274
8275
8275
8275
8276
8277
8278
8279
8281
8281
8281
8282
8282
8283
8284
8284
8284
8286
8286
8287
8288
8289
8291
8291
8292
8293
8293
8294
8295
8296
8296
8300
8302
8305
8305
8306
8307
8307
8307
8309
8312
8314
8315
8316
8318
8319
8320
8321
8321
8323
8324
8324
8327
8327
8329
8330
8330
8331
8331
8334
8336
8338
8341
8342
8344
8344
8345
8347
8347
8347
8348
8350
8351
8352
8353
8353
8354
8355
8355
8356
8357
8359
8360
8360
8361
8365
8366
8367
8368
8368
8368
8369
8370
8371
8372
8372
8375
8377
8377
8378
8378
8380
8380
8380
8381
8383
8383
8383
8384
8385
8386
8388
8389
8389
8389
8393
8394
8394
8396
8396
8397
8397
8399
8399
8401
8403
8403
8404
8405
8405
8406
8406
8408
8409
8410
8411
8412
8413
8414
8414
8415
8415
8416
8417
8418
8419
8419
8420
8422
8424
8424
8427
8429
8431
8434
8434
8435
8436
8436
8437
8437
8439
8439
8439
8441
8442
8442
8442
8442
8443
8450
8450
8450
8455
8456
8457
8459
8460
8462
8462
8463
8465
8465
8467
8468
8468
8469
8470
8470
8471
8471
8472
8473
8473
8474
8476
8476
8476
8479
8480
8481
8482
8483
8484
8484
8485
8487
8487
8491
8492
8492
8495
8496
8496
8498
8499
8500
8501
8501
8502
8504
8505
8506
8506
8508
8509
8510
8511
8512
8512
8513
8515
8515
8516
8516
8516
8518
8520
8521
8521
8521
8522
8523
8525
8525
8526
8527
8527
8527
8528
8529
8530
8531
8531
8531
8531
8532
8532
8533
8533
8533
8534
8536
8538
8538
8538
8539
8539
8541
8542
8544
8546
8546
8546
8547
8548
8548
8550
8550
8553
8553
8556
8560
8560
8562
8564
8564
8565
8565
8566
8567
8567
8568
8569
8569
8569
8571
8571
8572
8574
8576
8576
8577
8577
8580
8585
8585
8586
8588
8591
8593
8594
8596
8601
8601
8602
8603
8603
8604
8604
8605
8605
8607
8607
8607
8608
8609
8609
8611
8612
8616
8617
8618
8619
8619
8620
8621
8621
8621
8621
8621
8624
8624
8625
8626
8627
8629
8632
8632
8634
8634
8635
8635
8636
8637
8637
8640
8642
8643
8643
8646
8648
8649
8649
8649
8651
8651
8654
8655
8656
8658
8659
8662
8663
8663
8663
8664
8664
8664
8666
8668
8669
8671
8672
8675
8676
8676
8678
8679
8679
8682
8682
8682
8683
8683
8684
8686
8686
8687
8687
8687
8687
8688
8691
8692
8694
8696
8697
8697
8697
8697
8698
8698
8699
8700
8700
8700
8700
8701
8702
8705
8705
8708
8710
8711
8711
8712
8713
8714
8714
8718
8718
8718
8718
8719
8722
8722
8722
8725
8725
8725
8728
8729
8729
8731
8731
8733
8734
8736
8739
8739
8739
8742
8743
8743
8744
8745
8746
8746
8748
8749
8750
8751
8751
8751
8752
8754
8755
8756
8757
8757
8757
8758
8759
8760
8761
8761
8761
8761
8764
8765
8766
8766
8768
8769
8769
8770
8770
8771
8772
8774
8775
8777
8779
8779
8784
8787
8788
8789
8789
8791
8792
8793
8794
8794
8794
8797
8797
8800
8800
8802
8802
8804
8806
8806
8806
8808
8811
8811
8811
8812
8813
8815
8815
8816
8817
8819
8820
8825
8825
8826
8828
8829
8830
8832
8832
8835
8837
8838
8838
8839
8840
8840
8841
8846
8849
8851
8853
8853
8856
8857
8859
8859
8859
8859
8859
8864
8864
8866
8867
8867
8868
8868
8868
8870
8871
8874
8874
8875
8876
8877
8879
8879
8881
8881
8884
8884
8885
8887
8888
8888
8891
8892
8893
8895
8896
8896
8899
8900
8903
8903
8903
8906
8906
8909
8909
8909
8912
8912
8913
8913
8916
8917
8917
8917
8919
8920
8922
8922
8923
8927
8928
8929
8929
8931
8937
8937
8937
8939
8939
8940
8941
8942
8942
8944
8946
8947
8947
8950
8951
8951
8953
8956
8956
8956
8959
8960
8962
8963
8964
8965
8967
8969
8970
8973
8975
8975
8976
8976
8977
8980
8980
8981
8983
8983
8986
8986
8987
8988
8991
8993
8995
8998
9001
9002
9003
9004
9006
9010
9012
9018
9019
9020
9020
9023
9023
9024
9025
9025
9025
9028
9029
9035
9035
9036
9038
9038
9038
9039
9040
9042
9043
9044
9044
9047
9047
9047
9047
9049
9049
9050
9052
9053
9054
9056
9056
9058
9059
9060
9060
9062
9062
9063
9063
9064
9065
9065
9068
9068
9069
9069
9070
9070
9071
9072
9074
9075
9076
9076
9078
9078
9078
9078
9079
9080
9081
9082
9085
9085
9086
9086
9087
9088
9092
9093
9093
9099
9099
9101
9102
9103
9104
9105
9107
9109
9111
9112
9112
9112
9113
9117
9117
9117
9119
9120
9121
9122
9124
9124
9126
9128
9131
9134
9135
9135
9136
9136
9136
9138
9138
9142
9144
9145
9151
9153
9154
9155
9160
9160
9161
9163
9164
9164
9166
9167
9167
9169
9171
9171
9177
9178
9181
9181
9181
9181
9182
9182
9183
9185
9187
9188
9188
9190
9192
9192
9193
9194
9197
9198
9200
9201
9203
9203
9204
9205
9206
9206
9206
9207
9208
9208
9208
9208
9209
9210
9211
9213
9214
9216
9218
9219
9219
9221
9222
9226
9228
9229
9229
9230
9231
9231
9232
9233
9233
9235
9236
9237
9238
9239
9239
9239
9240
9240
9241
9241
9243
9244
9244
9244
9248
9248
9249
9249
9256
9256
9257
9258
9260
9261
9261
9264
9265
9266
9266
9268
9270
9270
9271
9271
9273
9276
9276
9277
9278
9279
9280
9281
9284
9286
9287
9287
9288
9291
9295
9296
9297
9298
9300
9302
9302
9303
9304
9304
9305
9307
9307
9308
9308
9308
9309
9310
9311
9312
9312
9313
9314
9316
9317
9318
9318
9320
9321
9321
9322
9324
9324
9325
9326
9327
9327
9327
9328
9328
9329
9331
9334
9335
9335
9339
9341
9341
9343
9343
9349
9349
9349
9350
9350
9351
9351
9352
9354
9354
9354
9354
9354
9355
9355
9356
9357
9360
9360
9362
9362
9363
9365
9367
9367
9370
9371
9371
9372
9372
9373
9373
9373
9375
9375
9375
9376
9377
9377
9381
9385
9386
9391
9391
9394
9395
9396
9397
9397
9397
9400
9401
9401
9401
9404
9406
9407
9408
9408
9408
9409
9409
9411
9412
9415
9417
9418
9418
9418
9419
9420
9420
9421
9421
9421
9422
9423
9423
9426
9428
9429
9429
9431
9433
9433
9434
9436
9437
9438
9440
9442
9443
9446
9446
9447
9447
9447
9448
9449
9449
9449
9451
9451
9452
9452
9452
9452
9453
9453
9453
9453
9454
9454
9456
9457
9457
9457
9458
9458
9458
9460
9461
9461
9461
9462
9464
9465
9465
9467
9468
9468
9470
9471
9474
9474
9474
9475
9475
9475
9476
9476
9478
9481
9483
9484
9487
9488
9488
9489
9490
9492
9493
9494
9495
9495
9496
9496
9497
9498
9499
9500
9502
9503
9504
9505
9506
9507
9507
9508
9510
9512
9514
9516
9517
9517
9519
9519
9521
9521
9521
9522
9523
9523
9524
9524
9526
9526
9527
9527
9528
9528
9529
9530
9531
9531
9535
9535
9536
9536
9537
9538
9540
9540
9540
9540
9540
9541
9541
9543
9545
9546
9547
9548
9548
9548
9548
9550
9550
9551
9552
9554
9556
9558
9559
9562
9565
9567
9568
9571
9571
9574
9574
9575
9575
9575
9576
9577
9578
9579
9582
9583
9584
9584
9584
9584
9585
9586
9587
9589
9590
9591
9592
9595
9595
9595
9595
9596
9596
9597
9598
9601
9601
9602
9604
9605
9606
9608
9611
9611
9614
9615
9615
9615
9618
9619
9620
9620
9620
9623
9624
9624
9625
9626
9627
9628
9628
9629
9629
9630
9631
9631
9635
9636
9636
9638
9638
9641
9642
9645
9645
9645
9646
9646
9646
9650
9651
9652
9653
9655
9656
9658
9658
9660
9661
9662
9663
9667
9667
9668
9668
9669
9670
9670
9675
9675
9676
9677
9677
9679
9680
9681
9681
9682
9690
9691
9691
9691
9695
9697
9697
9698
9700
9701
9701
9703
9703
9705
9706
9708
9709
9709
9712
9713
9715
9715
9716
9717
9717
9718
9720
9720
9721
9722
9722
9723
9725
9725
9725
9726
9726
9727
9727
9728
9728
9729
9730
9730
9731
9732
9732
9732
9733
9735
9736
9737
9739
9740
9741
9741
9741
9743
9745
9746
9747
9749
9749
9749
9749
9751
9753
9754
9755
9756
9758
9758
9758
9760
9762
9764
9766
9766
9767
9768
9769
9770
9771
9772
9773
9774
9775
9775
9779
9780
9781
9781
9781
9782
9783
9786
9787
9790
9790
9792
9793
9795
9796
9798
9799
9800
9800
9802
9802
9803
9807
9808
9808
9809
9814
9814
9815
9816
9817
9818
9818
9819
9825
9827
9829
9833
9834
9835
9836
9837
9837
9838
9840
9841
9842
9844
9845
9847
9849
9849
9849
9852
9854
9855
9855
9859
9859
9859
9860
9862
9862
9863
9864
9865
9866
9867
9868
9870
9871
9871
9872
9873
9873
9873
9875
9875
9876
9879
9880
9880
9882
9882
9883
9885
9885
9887
9887
9888
9892
9892
9895
9896
9898
9899
9900
9901
9902
9904
9905
9905
9905
9906
9906
9907
9907
9908
9908
9910
9910
9911
9913
9914
9915
9917
9918
9921
9923
9924
9924
9926
9928
9928
9929
9930
9932
9932
9933
9934
9936
9938
9942
9944
9945
9945
9945
9945
9947
9947
9948
9951
9951
9952
9953
9956
9957
9958
9959
9959
9960
9961
9965
9968
9968
9968
9969
9969
9970
9970
9972
9972
9975
9975
9976
9978
9978
9979
9979
9979
9980
9980
9981
9982
9982
9982
9982
9982
9984
9984
9984
9984
9984
9985
9989
9991
9992
9993
9993
9996
9997
9998
9998
9999
