0
1
2
3
5
8
9
11
12
13
15
16
17
18
19
23
24
25
26
28
30
31
32
35
38
39
40
41
43
45
46
47
48
50
51
54
55
56
57
61
64
65
66
67
68
69
70
71
72
74
75
76
77
78
79
81
82
84
85
87
89
90
91
92
94
94
95
96
97
99
100
102
104
105
108
109
109
111
112
113
114
115
116
118
121
123
124
125
126
126
127
128
131
132
133
134
135
136
137
139
141
142
145
146
147
148
149
151
153
154
155
156
156
157
158
159
160
161
167
169
170
172
176
177
178
180
181
182
185
186
189
190
192
192
194
196
197
198
199
200
201
203
205
208
209
211
212
216
217
218
218
218
219
220
221
223
224
225
227
228
229
230
232
234
236
237
242
243
244
245
248
249
250
251
252
253
255
256
257
258
259
260
262
264
265
266
268
269
270
273
275
276
277
277
278
280
284
285
287
287
288
290
291
292
293
294
296
297
298
300
301
302
303
305
308
311
312
316
318
319
320
321
324
327
330
331
333
334
335
336
339
339
340
341
342
343
344
345
346
347
348
349
351
351
352
354
355
356
358
359
360
361
362
364
365
366
367
368
370
371
373
375
379
380
381
382
383
384
387
389
391
392
393
395
396
397
398
400
401
403
404
405
409
412
413
415
417
418
419
420
421
423
425
426
427
428
429
431
432
432
433
434
435
436
437
439
440
443
445
446
448
449
450
452
452
455
456
457
458
459
460
461
462
463
464
465
466
467
468
468
469
470
471
472
473
473
475
476
478
479
480
481
482
484
485
487
488
489
490
491
492
493
497
498
500
502
503
504
506
507
508
509
510
511
512
513
516
517
519
520
521
522
523
524
525
526
527
529
532
536
537
538
541
542
544
545
546
547
548
550
551
552
553
554
556
559
561
562
563
564
565
566
568
569
571
572
573
575
576
577
578
580
582
583
584
585
586
587
589
590
591
592
593
596
597
598
600
602
604
605
606
609
610
611
612
613
615
618
619
621
623
624
625
626
627
628
630
631
633
635
636
638
640
641
642
644
645
646
647
649
650
652
653
654
655
656
657
659
660
662
663
664
665
667
668
669
670
672
675
677
679
681
682
683
684
685
687
688
688
689
690
691
692
693
693
694
695
696
697
699
700
702
703
704
705
708
709
710
711
712
713
716
719
721
722
723
724
724
727
728
729
730
731
732
733
736
737
738
744
745
746
747
749
751
752
753
755
756
757
758
759
760
761
762
764
766
767
769
770
771
772
774
775
776
777
778
779
780
781
784
785
786
787
788
789
789
790
791
792
793
796
797
798
800
801
803
805
806
808
809
810
811
813
816
817
818
819
820
822
823
825
826
830
832
834
837
839
839
840
842
843
844
845
848
849
850
851
852
853
856
857
860
861
861
862
863
864
865
868
870
871
873
874
875
877
878
879
880
882
883
884
885
886
888
889
890
890
892
893
895
896
898
900
902
903
904
905
908
909
911
912
913
914
914
918
920
921
922
924
925
926
927
928
929
930
931
934
935
936
938
939
940
940
942
945
946
946
947
948
950
952
953
954
955
957
961
962
964
965
966
967
968
969
970
971
974
975
977
978
979
980
981
982
984
985
986
987
988
990
992
993
994
996
999
1021
1024
1034
1037
1045
1058
1094
1152
1152
1174
1177
1244
1245
1281
1290
1290
1298
1302
1321
1352
1356
1375
1421
1432
1457
1509
1550
1630
1647
1665
1683
1704
1706
1798
1874
1875
1888
2014
2022
2050
2085
2128
2151
2177
2183
2191
2193
2229
2244
2245
2293
2340
2350
2380
2384
2424
2427
2448
2466
2544
2605
2651
2652
2716
2717
2729
2757
2799
2804
2817
2856
2864
2865
2877
2925
2975
3029
3062
3237
3241
3275
3280
3297
3304
3309
3324
3367
3458
3562
3611
3707
3715
3740
3743
3771
3785
3854
3983
3998
4019
4030
4066
4095
4204
4221
4243
4281
4289
4306
4320
4322
4356
4361
4363
4403
4437
4442
4636
4676
4693
4696
4727
4748
4789
4825
4832
4839
4863
4878
4951
4997
5045
5081
5108
5110
5163
5185
5220
5337
5362
5401
5418
5428
5485
5501
5527
5527
5532
5577
5590
5607
5654
5658
5699
5720
5743
5745
5748
5754
5771
5782
5801
5854
5874
5909
5969
6015
6044
6105
6124
6141
6161
6179
6184
6245
6345
6412
6508
6560
6573
6584
6586
6620
6631
6641
6682
6688
6734
6764
6783
6814
6868
6954
7042
7079
7118
7137
7151
7151
7170
7182
7223
7237
7301
7368
7461
7477
7491
7583
7623
7654
7792
7793
7801
7826
7865
7901
7905
7929
7929
7987
8017
8052
8088
8091
8096
8146
8164
8185
8185
8279
8284
8319
8352
8389
8471
8476
8482
8515
8521
8531
8585
8619
8627
8672
8784
8826
8832
8899
8906
8923
8929
8956
8962
8975
9082
9154
9216
9235
9284
9311
9324
9372
9375
9397
9423
9453
9461
9528
9545
9629
9691
9718
9722
9762
9852
9859
9864
9900
9905
9921
9928
9945
9951
9960
9992
