19
29
33
46
47
48
68
75
82
94
96
106
109
118
124
126
131
155
156
167
169
178
192
200
221
222
222
227
236
242
247
254
275
280
287
299
320
321
330
339
343
346
349
351
351
352
365
368
382
396
400
406
408
409
416
419
420
432
436
448
463
473
481
485
486
492
498
507
510
512
512
513
534
537
541
543
553
608
647
654
670
687
688
702
713
718
718
719
724
735
750
752
765
789
791
791
796
801
801
802
803
809
821
833
839
861
865
869
882
883
890
895
914
914
919
922
940
946
952
954
972
973
980
1001
1012
1012
1014
1021
1024
1033
1033
1034
1034
1037
1037
1045
1051
1051
1058
1059
1069
1079
1094
1096
1129
1137
1138
1148
1163
1167
1174
1183
1193
1193
1212
1217
1244
1245
1245
1247
1266
1280
1290
1293
1302
1310
1317
1320
1330
1348
1352
1356
1356
1363
1392
1400
1418
1421
1432
1437
1442
1444
1456
1463
1468
1472
1473
1481
1506
1509
1515
1520
1536
1546
1549
1550
1555
1562
1582
1583
1630
1647
1660
1665
1667
1672
1683
1689
1691
1702
1704
1708
1716
1723
1746
1749
1756
1766
1769
1770
1798
1817
1818
1820
1824
1827
1832
1832
1835
1839
1845
1851
1852
1854
1865
1870
1875
1885
1888
1891
1923
1925
1937
1938
1941
1946
1946
1975
1975
1992
2003
2014
2018
2019
2019
2070
2080
2114
2127
2128
2151
2158
2163
2183
2183
2221
2229
2236
2237
2244
2245
2247
2256
2260
2272
2293
2306
2309
2322
2340
2350
2360
2379
2380
2384
2385
2424
2427
2429
2432
2448
2466
2467
2513
2536
2544
2561
2563
2582
2582
2605
2609
2610
2642
2646
2651
2652
2658
2670
2684
2687
2702
2712
2712
2716
2717
2719
2726
2736
2748
2757
2763
2771
2791
2797
2799
2800
2809
2814
2815
2817
2818
2820
2856
2863
2864
2865
2911
2914
2915
2922
2973
2975
3029
3029
3032
3036
3042
3052
3062
3076
3090
3095
3102
3120
3126
3140
3141
3154
3159
3184
3204
3220
3221
3224
3235
3237
3239
3239
3241
3251
3253
3264
3275
3275
3276
3280
3284
3287
3297
3297
3298
3300
3304
3308
3309
3324
3357
3367
3379
3390
3403
3425
3427
3433
3453
3458
3491
3492
3516
3526
3527
3541
3562
3609
3611
3636
3650
3678
3680
3707
3715
3728
3731
3740
3743
3766
3771
3783
3787
3788
3829
3832
3854
3856
3885
3932
3934
3941
3963
3983
4003
4010
4015
4019
4029
4034
4042
4070
4089
4095
4110
4112
4132
4138
4138
4140
4162
4167
4199
4204
4217
4221
4227
4243
4260
4270
4289
4306
4307
4317
4322
4328
4334
4354
4356
4358
4361
4363
4374
4385
4403
4420
4442
4456
4468
4476
4491
4555
4563
4573
4579
4596
4596
4611
4628
4631
4636
4661
4663
4668
4676
4696
4727
4748
4759
4763
4768
4789
4802
4805
4817
4820
4825
4832
4835
4838
4863
4863
4870
4876
4878
4890
4900
4928
4934
4935
4950
4951
4955
4970
4985
4989
4997
5001
5020
5056
5058
5081
5089
5092
5110
5116
5124
5134
5134
5135
5135
5157
5158
5160
5163
5165
5171
5172
5177
5184
5185
5195
5201
5220
5243
5258
5275
5282
5289
5322
5337
5338
5355
5362
5365
5371
5418
5428
5432
5438
5441
5443
5469
5470
5482
5485
5501
5527
5527
5538
5551
5556
5577
5590
5607
5622
5624
5642
5645
5658
5658
5661
5665
5694
5697
5699
5706
5713
5720
5743
5748
5754
5762
5766
5770
5771
5782
5784
5794
5805
5836
5874
5887
5904
5906
5909
5910
5911
5918
5922
5945
5964
5969
5974
5980
5999
6012
6021
6031
6044
6082
6116
6124
6131
6141
6141
6153
6161
6170
6171
6179
6184
6187
6203
6208
6209
6209
6213
6217
6241
6242
6242
6245
6259
6259
6289
6308
6324
6332
6345
6366
6367
6381
6426
6434
6441
6445
6451
6464
6480
6502
6508
6511
6518
6522
6529
6560
6572
6573
6573
6574
6584
6586
6623
6630
6641
6654
6658
6682
6688
6694
6708
6712
6713
6733
6734
6758
6760
6761
6764
6783
6787
6788
6797
6798
6808
6810
6829
6839
6853
6863
6868
6883
6883
6898
6911
6977
6979
6992
6998
7004
7015
7023
7042
7046
7055
7062
7079
7103
7105
7118
7118
7123
7129
7129
7134
7137
7137
7146
7151
7151
7160
7170
7182
7195
7200
7201
7201
7202
7223
7226
7237
7254
7260
7284
7301
7309
7328
7355
7366
7366
7368
7378
7384
7447
7447
7460
7461
7462
7474
7475
7476
7477
7491
7516
7535
7542
7560
7562
7575
7580
7583
7592
7600
7612
7623
7649
7662
7667
7675
7677
7691
7696
7699
7709
7711
7720
7760
7769
7789
7792
7793
7801
7823
7826
7826
7834
7834
7839
7846
7865
7869
7894
7901
7905
7905
7906
7920
7929
7929
7959
7985
7987
8006
8013
8017
8032
8052
8061
8079
8088
8091
8096
8137
8146
8162
8164
8171
8180
8185
8204
8212
8222
8226
8238
8244
8261
8279
8281
8284
8284
8291
8293
8307
8320
8331
8352
8359
8368
8396
8412
8419
8434
8459
8471
8476
8482
8485
8516
8522
8523
8526
8527
8529
8531
8531
8532
8538
8539
8546
8565
8568
8585
8593
8607
8619
8621
8627
8649
8651
8672
8687
8700
8708
8722
8729
8760
8769
8784
8797
8800
8811
8811
8813
8830
8832
8838
8839
8859
8859
8868
8899
8906
8923
8928
8929
8947
8960
8975
8988
8993
9038
9063
9069
9070
9109
9113
9164
9167
9171
9188
9206
9235
9240
9284
9298
9303
9311
9324
9328
9339
9351
9372
9373
9375
9377
9397
9422
9423
9433
9436
9447
9449
9453
9458
9461
9475
9478
9506
9521
9540
9546
9550
9567
9574
9579
9584
9598
9602
9624
9628
9629
9638
9650
9668
9670
9697
9713
9717
9721
9722
9745
9749
9749
9754
9790
9793
9808
9816
9852
9864
9871
9875
9885
9899
9921
9928
9945
9947
9951
9953
9960
9992
