805
670
9463
4636
1582
1590
1313
9833
1444
7818
3125
1250
4845
4503
1991
6537
5215
1799
2944
3732
9259
1390
4705
8513
1431
9682
7431
2503
8652
6303
9168
3775
6290
4922
4717
9826
2248
1652
2200
5876
472
6529
8439
4466
874
3145
8434
4568
7624
8719
8802
2358
4323
5217
5114
324
6932
2111
6651
6067
2981
5855
9298
6582
9169
4959
5493
5345
7848
1917
5310
2464
4696
8084
998
7548
9737
456
2902
4282
9399
7060
138
8084
2566
7762
135
8139
3649
7035
5487
4557
6291
2271
6962
1332
7498
4183
9783
5408
9464
5640
7372
9750
5692
4875
6282
3944
9281
2780
4556
3623
4901
3632
6417
1782
2332
3882
9552
8657
4150
2175
44
1694
8382
8184
9064
4434
4709
1112
7452
2007
5471
7583
7833
3741
9788
9950
2714
415
5721
732
9115
7463
472
5897
6206
4868
333
2705
5244
8267
219
4834
2761
4508
9119
1122
9067
9223
4522
6619
4076
447
2613
8472
7166
5677
4224
405
7822
1496
2571
2593
5020
4835
6137
903
1018
2071
3346
2094
1811
7523
5624
2974
6255
577
1196
1188
8692
3196
1569
9464
1566
7647
465
7772
5170
958
3760
6759
9311
7803
4478
6451
4503
7234
6672
9124
4237
3126
977
5883
3182
6672
5045
6905
6085
789
5678
1688
682
6311
2467
758
4779
9999
8669
6451
1598
1913
4068
9118
9525
7728
3386
6362
3587
7548
7766
5079
6654
2153
2899
9406
8773
123
7914
6525
1380
6574
926
7428
1574
2690
278
6735
442
2743
5232
6981
2761
7797
2804
2704
2679
5744
9607
7886
6552
1130
9857
1175
933
5513
2689
9504
6255
7514
111
2384
4211
9910
3666
1953
3391
613
4515
8745
2692
1664
994
7801
8764
331
6840
3398
8702
6866
3517
5318
8703
259
7066
477
9915
8413
1217
1753
2629
4344
9500
7386
4059
8853
692
7543
4718
6358
6675
3261
305
5857
1323
1625
5199
7090
6728
1127
3857
9423
8324
8923
6368
8607
8266
5633
1080
1069
6653
7697
7614
1338
7625
2325
2276
4769
1626
749
2395
2063
236
1875
6696
4963
1027
4363
1449
6418
7773
2013
7353
5054
68
3238
6898
2311
472
1643
9315
5314
1068
5919
4723
618
2479
7575
389
4036
1694
4093
4285
9560
6824
8530
8225
1932
3907
8968
2387
2515
8957
6222
4734
407
5925
4300
1438
4434
987
4162
4149
5219
6597
8205
1260
9535
9572
1402
6263
1878
1719
8829
6508
375
2814
2292
357
263
2129
1591
4980
4814
1249
4579
23
6514
7599
1352
6620
2200
5261
8432
9750
3704
2674
7841
2784
4065
2562
7188
9009
6829
9820
7718
4513
2966
6566
111
5964
2297
6230
9890
8917
6906
2066
5796
3580
3880
5163
7905
2867
5298
6261
4811
7693
7002
2634
2388
5880
2649
9855
670
8540
9667
2487
2256
3700
2716
119
8524
5325
2620
4043
5791
4909
3775
5271
5401
8710
4624
5983
6206
1627
2039
7866
4316
6962
3584
7109
9837
8155
654
9077
2703
480
5551
1807
8211
8797
1938
9195
4723
3361
1895
8998
7191
4693
1174
6711
9578
5053
8642
1333
8
8141
8735
5942
7547
1182
9074
9563
5222
8241
4840
1530
2033
5092
4650
4396
1782
2786
7103
9801
5484
2399
6866
4592
722
6565
5174
1452
4094
7960
9143
4243
6263
369
322
5568
7455
5849
5800
6292
2309
5796
9968
504
6986
1744
443
8006
8979
9678
9915
6089
5470
9408
2054
5458
1752
4308
5383
8237
2606
4656
9878
1651
8963
8366
1433
5504
7650
2170
475
1960
836
1498
3884
2966
6547
8285
6954
3221
9008
1735
7934
6963
1698
3228
2522
755
9921
2730
7265
5025
6658
9773
7911
7787
8067
2141
6395
2030
4090
4922
4818
1295
4809
7051
7975
3404
6516
3363
7055
7922
9814
5013
6721
5007
6305
1178
4950
778
836
433
8749
4530
7378
9814
6387
9717
2273
1029
3697
9571
2320
4592
6630
1857
6973
5184
3942
7218
6117
4105
1395
1123
6381
6594
459
4789
6545
1379
8258
5889
1611
4270
1922
3143
1014
1459
689
104
7315
9855
8754
7301
4076
3541
4253
9575
6039
9649
7027
1792
1390
6744
8397
1905
6892
4579
8565
7326
7562
4894
4679
6511
860
2124
5801
936
8933
6029
585
7212
9362
7235
6678
845
2373
1537
6577
2135
2225
5221
5557
5422
1798
7687
5333
2180
8269
8098
1845
2848
4086
2964
5293
1436
399
5665
4633
8269
393
9484
851
6601
6086
40
9509
5043
6421
219
8570
6666
17
4932
3093
9460
854
5215
20
9461
4470
1767
8038
3572
8731
8700
6186
5056
6318
7589
8522
878
7000
5191
9576
4967
9430
4470
3448
3952
2242
4172
2974
2057
9872
5608
7353
7866
5494
5016
817
1322
2656
2298
4573
2627
6467
4319
9528
6291
6208
3313
36
4788
2715
3927
2623
9070
76
3910
4390
8074
981
9851
1383
26
8214
5094
8523
4888
5006
185
9396
8173
1491
6354
8580
5123
148
516
8030
2429
3628
3117
1440
4165
6617
1107
241
2966
1902
3840
5159
4363
7206
8352
7629
8967
5739
2265
2643
5687
1030
5691
7974
1557
8375
9927
5810
5390
2214
7092
7717
9126
3643
4464
6389
698
1212
4020
2149
4615
5829
5227
5508
4521
2301
949
7158
3495
4646
7015
6520
173
325
2213
7614
313
2211
1730
15
9738
5763
1255
5155
9334
53
4147
1003
6988
282
2898
6915
9273
1513
2832
2116
3934
2
8016
3196
2129
336
7496
5586
9171
7540
1231
1620
3347
640
7035
3571
5393
3473
2084
2994
6069
8162
9981
2795
7617
1036
7076
883
5028
1810
2439
8591
7201
4700
105
2279
6223
5250
2885
2201
8258
9675
5475
9377
698
2806
2137
1319
1562
8682
8836
1658
6252
2009
5271
7276
3619
266
8834
2014
8337
9383
5319
8238
906
3140
713
8717
7192
7794
8918
1190
2224
8850
1239
9116
5238
3821
1589
2259
6669
1540
8174
2113
4097
1604
7112
3046
776
8188
2325
7739
5718
7330
2072
8519
2544
9954
4136
5672
2052
2344
6818
1536
4007
9537
531
8541
4367
3069
966
2317
8354
2856
8635
6945
3885
1225
6393
3938
5786
1834
6341
7106
3756
5785
6019
6597
1597
6590
381
6847
651
318
8834
9151
9598
4095
4464
9740
9389
5902
2405
7119
7937
8557
8930
978
1033
3889
9490
3479
7328
587
7081
4172
172
8085
7040
1021
2296
7919
9632
6491
2901
6330
1005
4107
3132
6
1558
9810
8904
6407
761
6448
1490
4157
9644
7882
8252
4116
9338
6589
529
7256
8154
4608
9980
1837
6038
5577
9785
8399
2875
9394
2618
2038
396
1709
731
9868
508
1926
7112
2945
7451
2553
8765
3054
6001
6339
3853
2393
4361
5117
9735
1465
576
6326
3798
3387
9406
8208
8424
7604
5107
6431
2610
9528
2326
5885
4962
3098
9114
4273
1045
2612
2147
6304
1498
3769
8936
6645
1750
714
6776
3374
1273
3494
1698
6087
7841
7813
2863
1019
4558
2999
2131
9015
2357
7928
372
5793
377
2535
8122
6649
3335
5704
5544
3808
5105
7174
185
1334
8686
2573
2591
9832
2383
5975
120
1194
5621
1701
4850
5808
8209
1632
2689
1876
5868
5104
206
1987
5208
3373
7378
6632
3910
2324
2131
8094
6986
4797
2734
1792
8700
4667
3302
9891
7825
6659
5243
6727
1785
4833
7599
1305
1386
1207
5701
4749
2749
4887
7451
1946
2439
5922
9674
5110
6603
3010
1883
820
6525
2214
5900
2714
4202
732
4195
3112
3271
2884
4947
9382
8279
6801
9901
5934
2545
9011
3656
1754
977
2612
1524
2847
8734
2848
6907
746
7004
8104
4105
8873
1251
1192
9182
1037
5967
471
1585
7054
6377
5408
679
5328
2646
399
500
2277
2127
7453
290
2020
3057
7888
5632
8792
7205
4701
1148
1052
1843
5615
820
6069
8978
3084
1178
848
9299
7862
38
2366
4015
4576
2368
7884
798
9921
7470
7080
1482
9598
138
5218
2627
755
1240
3583
5716
1617
1878
8548
7910
591
7845
385
5668
8826
6200
5707
7870
7311
683
4926
9506
3083
9045
7075
407
5633
9904
2319
2252
2555
3449
9868
3393
5524
835
2412
5812
7158
7681
7371
7599
9584
2020
3956
2031
2778
433
8022
5416
267
135
313
2616
7051
4383
76
3050
7605
2389
1360
4219
9631
7878
6731
1890
781
7930
166
1019
8930
84
3895
3365
2345
3976
6918
5229
1652
1933
746
4042
6914
6034
2724
5098
6646
9462
767
365
806
3298
4501
6385
945
7418
8182
3021
1076
9829
8661
1315
5199
2488
6115
8799
2899
2601
5264
1637
1743
1699
7374
5914
6172
2582
1593
689
5461
5537
180
6825
5547
4802
1734
2501
4504
9004
7141
6220
6931
2091
2177
354
2115
5700
4260
2023
6775
2273
7449
6846
4
9835
4715
6033
5697
9464
7743
1267
6672
2968
4356
2502
9806
4555
2745
2766
669
4213
1536
2054
367
8532
3619
2082
2647
705
7412
6756
9930
2229
1625
130
2972
9391
2887
7768
7416
7395
1694
3466
8575
5060
7110
4765
5829
4005
5848
8294
456
2029
912
1155
451
2297
8354
5817
7650
2055
5194
2318
903
8896
4568
5512
7836
2516
2556
9013
3690
877
3663
5900
4586
4221
1106
4884
7369
8393
4586
7716
8929
6075
2588
2523
6678
6482
5910
8401
8638
5549
543
3629
5893
5256
8287
696
4143
1541
466
8802
6687
8206
8024
8099
6008
3034
2321
5893
1378
5679
6664
3344
7344
1848
4429
6918
47
3510
8279
353
1169
3323
9706
2905
8139
5317
8949
5370
1020
6200
8367
8997
1775
7631
3316
1574
3730
8724
1738
1958
4616
5918
6713
9474
6540
555
7610
1772
8599
4062
6078
4176
6996
4922
1171
730
9618
4112
2419
2902
1018
5333
4093
1528
8594
9496
3304
7053
9296
5923
1957
81
7043
1887
6293
6850
6942
6973
9387
9045
8038
9842
7923
6056
9151
7298
578
7752
1042
465
5952
4180
3506
725
1556
1153
9983
9632
382
1712
1066
1134
5051
93
4586
7385
6660
2664
5166
1589
4792
1833
1108
809
1052
6928
9626
2042
8576
219
9091
3151
9268
5468
8508
8800
2442
1002
5823
4896
2173
4711
824
3805
7475
1889
214
5
3231
6093
1876
3996
2170
4993
2057
3483
9635
1408
1693
8155
820
7212
253
8578
9015
3319
5632
7853
8985
4266
9194
8703
7694
1658
4401
2489
3461
967
5631
1131
1117
2759
5624
9497
408
51
1100
2641
3071
3328
4815
2044
118
3409
8679
7572
6002
7963
5141
3589
9496
6969
216
4422
2888
1841
6591
3146
7785
5654
8509
4866
9590
4735
2849
6965
4474
5832
7191
1315
2153
5736
5273
9222
1519
3555
5562
3051
7964
6081
6885
1887
2832
735
2209
7517
3395
9300
696
1911
8536
2646
8024
4643
7619
8846
5113
984
9881
1225
784
6328
1831
896
3
8145
614
5227
830
6191
5101
3570
5830
500
1160
20
7228
8939
4551
4523
1749
4025
7114
8703
4855
2149
1099
5594
790
8009
2684
3484
6608
5529
2291
4753
2757
9140
1843
4368
379
3657
1774
8308
2065
4588
4424
2112
7139
7896
5853
7214
525
439
2693
7881
2883
1792
2855
1933
1681
6369
2251
2699
7054
7790
2341
769
711
2712
191
4217
7145
4208
6502
4625
6334
3950
1416
7131
1468
2926
956
3526
2298
5674
6067
8140
5796
5614
9869
6797
6401
103
1263
1789
7092
237
6020
553
624
4004
8417
6384
7263
3789
7501
3295
3429
5794
5937
797
4016
5282
3212
8825
850
9962
267
1969
482
69
1591
1108
9760
2356
175
6505
4888
3793
1528
466
7145
7264
8129
5308
5607
3208
2684
7080
1565
1969
3402
1662
2854
2783
8438
464
3390
2638
4405
2990
2565
941
4396
3929
7844
911
1059
2665
7347
7632
1225
8850
1738
2454
5944
5492
4087
456
1354
2419
1311
1731
1467
5575
9256
1498
1073
6708
9478
8750
906
2124
9173
7807
3285
1843
167
6497
5460
9988
5645
7491
4400
9427
2059
1404
7325
7042
584
8390
8047
7736
2819
8975
9405
5054
5996
5758
5253
3340
1026
6915
2737
8660
1705
2962
4025
5116
5823
6178
9305
9954
6926
1825
5571
8971
2580
586
5512
5661
6177
9817
8692
670
9665
5006
5959
1613
7356
6449
347
4287
602
1461
8946
1948
1994
2496
5472
8763
7332
2729
762
2411
7070
8419
653
2404
2892
1113
9825
7117
1756
1338
3375
8079
2241
5768
7025
666
3582
2715
8810
3767
357
8587
822
4173
6144
9054
7251
5944
8496
799
6847
5575
6228
544
6947
9397
477
7041
4593
10
4175
3345
7419
7730
8826
1844
740
7695
1962
1957
1098
1371
332
6366
4036
3120
4531
774
2072
4571
2073
6907
5121
9422
521
2497
2527
3302
7933
1529
2991
1308
6259
7253
301
2143
5590
1226
8551
8242
218
903
1828
9746
151
8582
9268
9404
730
4048
3417
4540
2105
518
3687
600
7573
2365
1320
9454
7445
5145
1508
5275
5104
9966
5663
3055
8283
2083
5218
3453
3108
6232
2543
4150
7326
8121
511
6472
2591
1828
3390
6659
6054
199
1194
7517
3744
3725
6951
2407
1853
8635
1639
4544
9310
4949
6840
1416
7778
1687
1582
2839
1362
1185
8947
126
25
2514
5068
3374
1160
8088
3790
3721
6505
7463
7904
9718
6898
2249
5507
7624
3580
9077
960
1809
7909
3922
4096
6323
5603
4717
6258
3208
4442
5561
1976
9666
7695
2231
787
1989
1758
2295
3345
7732
5625
2926
787
6809
866
792
1700
8089
5707
2031
3127
8135
9740
2396
4624
9928
101
6030
1174
6967
6085
6345
8423
8442
8746
6849
8829
1493
3977
3239
479
7149
704
147
6731
1231
986
4306
8242
3234
8131
9394
9573
9115
6844
1372
5311
2528
274
9585
8803
9358
3226
5385
3079
4110
5632
3351
3664
4966
5072
9665
2241
9645
9684
1790
9326
6561
4096
465
3702
6172
1402
469
2273
4243
5533
1177
4437
9169
4704
2287
4927
1220
9843
7248
2129
3543
1466
8898
311
2784
4877
2412
3678
2106
7326
696
1014
5365
5773
3498
1879
1997
8424
7505
6515
313
855
2092
2747
5813
2632
5679
8645
689
3110
7526
8683
59
1711
2521
7095
5387
3654
5040
3998
638
1814
7113
315
9653
328
5896
7966
5022
7223
9086
6436
4179
1058
957
7912
5938
114
410
2362
7038
4476
8372
5551
3427
4185
7893
2890
7119
5940
4903
3802
7791
5380
392
755
424
811
1169
2385
6007
942
3971
8411
6603
1429
1171
1764
3938
6629
72
3496
9601
4125
4658
2469
5400
7358
8861
9879
4084
5007
3143
6153
2567
3679
2830
1944
2581
4540
3853
1418
4929
612
1097
7664
2872
8762
1623
5832
6187
8475
2896
3846
547
8209
3351
3331
9712
2055
1147
790
3523
95
6392
1043
5949
1953
8595
4033
8326
2036
2277
9345
978
4082
5735
9963
6642
279
6688
5803
8279
5370
4523
7452
4876
4383
1372
1731
8245
8684
3412
4432
2738
251
7843
5393
904
6096
2030
487
8226
8091
3025
9068
9796
9856
8870
1621
1632
245
71
7061
2253
1083
9696
1667
5957
7345
9433
957
7629
1077
658
7388
4634
2188
6176
282
8546
1589
3815
849
2913
6233
936
8725
6237
8789
590
9493
4396
1659
3731
1919
9365
2806
6104
9922
4452
9453
4805
8455
6482
9882
8061
2322
4948
9659
3862
2022
4738
6264
5879
4135
5851
1494
179
7844
7143
6859
1158
2052
9853
6259
653
2384
7319
83
6074
6193
6627
108
248
5835
4331
3634
972
2443
2246
2382
7165
13
7328
1376
950
9282
8872
2105
2105
5647
265
7928
5478
7241
219
1747
4844
1856
8571
4809
3807
5001
1576
4678
2315
7169
2687
8758
1080
8734
7930
1581
5071
7192
7844
2231
7467
1928
8336
571
5699
5520
875
2677
327
1852
8847
2869
1337
6199
3721
4002
6447
4177
6765
5570
5814
687
5048
1262
8553
1027
6231
2754
8657
9582
1494
323
2975
6563
1739
3668
7128
3310
5157
7978
5425
8757
3615
334
652
2670
889
2564
241
4865
4184
5626
6576
4319
3053
5042
9893
2467
9748
1827
8958
1208
3774
1197
729
987
2177
8604
1889
6258
1278
4751
2363
5837
3540
825
8172
3756
4643
7752
8846
1522
6963
1956
1458
152
1398
3578
9015
8437
8379
9001
6332
7484
1092
1053
7554
6311
4507
9627
966
4067
3856
1804
142
4283
7702
8061
3698
570
5999
1941
8861
3611
1061
409
3875
9971
7387
3773
7237
8705
7619
3212
6627
756
6305
8442
5986
8655
7487
4184
1902
601
9490
5832
2401
1368
5246
8961
9125
9454
2422
9861
454
2212
6966
1105
2732
2487
8612
2117
3288
2512
5796
436
9484
3064
7019
9806
432
2987
9943
6764
7730
3884
8461
5884
7421
4906
6450
4719
1838
8146
6126
4126
2275
6181
1838
1828
5188
572
9113
7448
535
6248
9606
1545
2799
3375
1756
3935
2708
4820
6297
5056
5273
7173
3031
6128
3658
491
8892
5261
3012
1310
3008
2474
9306
4919
7365
2937
4965
6794
3842
6495
6987
3012
3041
2754
1027
7585
9322
1974
3736
209
8271
1017
9612
5115
4681
3084
1439
5331
2978
6483
4848
6072
8181
2223
6707
1137
835
761
6804
3418
5272
1105
8059
281
5693
5177
4113
5750
1134
2955
2913
1290
8719
5346
2386
9287
1339
1160
8500
6104
254
1323
7802
3722
5972
4117
7047
860
2368
4829
939
4099
2321
5480
1040
545
9986
5268
3024
391
1665
1030
8746
5208
7795
4706
724
959
7382
9883
2755
3876
4022
380
6121
2476
7156
5718
7534
3423
7684
4474
4162
4957
7590
1706
8929
2371
3944
4380
2521
5418
3530
2703
1608
7954
1250
32
5546
8333
6400
8366
8449
7486
4260
9597
5077
4708
4495
9704
7247
8706
5336
2235
1520
6273
5664
1456
1063
2103
5655
3672
5619
7210
4096
2365
2054
6064
435
8229
6027
6537
6739
3609
2777
783
2703
2583
5431
5260
7196
9413
5443
4365
3938
9383
9086
8022
341
9826
6954
2166
1576
274
1895
6300
7181
3993
810
9386
9536
473
7903
4857
7653
3268
337
4766
2223
7218
7271
5899
914
7763
8785
2441
475
1461
1187
1572
1871
5960
753
1063
5457
48
3645
154
280
2219
7708
2777
2800
3908
9631
5047
7616
9047
4833
7139
5756
118
3405
9786
6059
5563
5810
1677
4764
9982
1480
756
9716
9658
1253
6771
6652
363
9724
8699
1177
1259
9990
2708
75
7181
6227
3019
7082
537
2914
7223
1838
6634
5967
5312
3950
3204
2461
5201
3915
730
9109
9101
2558
8607
189
1648
2879
7323
7244
488
3032
3216
2301
6196
6809
4910
963
1611
5725
756
3100
4880
6301
6391
9816
2261
7891
1736
4859
1150
3410
2689
8705
1527
5524
4544
5634
5832
9156
8536
4343
6536
3757
2548
9467
5264
5746
8749
3669
593
4128
3998
1318
521
6113
2214
6366
7345
7634
1789
5460
6507
7095
9115
4229
9883
2958
8165
5835
2
6097
7578
5714
4787
480
1597
9880
784
766
787
9668
9428
395
7984
8136
631
8306
1197
5289
9741
7683
1884
2431
496
580
4767
664
8479
1188
1446
6449
919
7152
9528
8776
113
6777
5060
412
4172
3046
2920
2534
1741
3542
2786
1532
3940
2744
9172
51
16
3455
8429
3044
6726
608
7606
5715
5790
222
7019
540
3118
8600
3739
4735
1547
5440
2753
9806
157
2128
7476
5171
8083
105
3595
1351
3559
4892
709
2369
1203
2348
4648
4748
1043
9523
9864
9181
7213
2052
5403
7507
4447
5089
9995
1359
584
8478
9612
1446
1242
4853
1054
5972
1470
1996
724
388
7608
276
9110
2222
7724
8211
1653
2399
8146
6964
2509
815
2310
2350
3936
5231
1603
8562
7888
6369
5649
1577
156
589
1547
9198
1759
4353
9078
1415
4070
6073
288
2793
9185
8911
6469
4108
8443
7189
7736
8173
5245
6928
8640
6004
3376
695
753
6565
7442
6813
3788
7946
5098
8203
1897
433
3663
753
2244
7010
6951
2174
3574
6404
7244
4463
8486
7856
6371
8788
1135
1221
9280
7625
6852
5422
4068
8292
2449
2241
2952
762
51
8938
1967
4359
3035
9432
2342
9405
9231
8341
2271
3708
2754
5131
2800
7460
1750
2645
9141
3207
1902
2548
4557
5730
2824
8388
1475
4285
9483
6031
219
1777
878
3423
7873
9306
5177
2665
2108
29
3536
9720
5288
6491
1965
6904
5172
1974
1164
1957
1113
6628
2446
5891
2525
6162
2134
207
3415
7883
6264
9509
1011
7209
9635
1187
8888
2395
4620
1134
6009
1671
7277
4676
1913
4818
7582
1410
4114
8638
4099
2951
695
2643
2949
7816
7832
1026
8982
9861
8358
165
4975
4316
1368
8203
9388
3997
2366
3155
3739
5278
1364
6102
5040
415
7641
2090
2061
6704
880
3572
9312
9234
5254
9486
5213
6028
2166
7289
30
8319
4361
2388
5576
4924
530
1390
7360
5604
6313
1289
9918
1760
8694
8880
5569
8899
5857
6346
3939
6444
999
2223
2493
6400
6208
7258
510
2759
5950
4640
1640
2998
7368
2144
6876
8637
9240
2731
3240
674
3858
5606
6622
3918
2791
9358
4534
2998
2297
5803
9526
7117
5967
7224
1794
6488
2859
6242
8959
1378
5578
1022
1564
529
5675
9968
8226
5592
5284
5370
875
8622
481
2322
626
9615
7183
2375
7305
3106
584
3317
8449
5275
6016
8838
9525
3522
2399
4123
1224
2547
1712
6476
16
1223
2698
6573
9523
7059
4108
7314
8273
2544
9550
7828
6482
5083
4133
9332
3410
7757
6696
9151
873
302
5649
1746
2160
2438
6070
464
4049
2532
5449
994
1374
2914
9740
9006
3973
6072
3737
9292
3139
7520
6785
388
358
9386
179
7116
4839
241
1727
5441
3048
2718
2572
8259
5866
5692
4071
2231
1955
3195
461
1127
4173
4345
7690
4492
5330
6797
9859
8591
103
7846
257
2908
7895
1652
2287
9176
2210
5829
9126
4500
8997
339
1527
5106
9276
6652
3417
1032
5
9234
3619
1684
9414
9011
5324
430
3426
3468
5201
5220
6264
8730
1463
8465
3580
2145
1698
4447
4138
7937
229
512
1593
1045
459
1111
6876
670
6245
1420
4879
2640
533
8496
5024
8554
6538
557
5867
8684
1229
8514
7339
5668
3179
4782
7982
2890
6692
8426
7864
4733
1492
7836
5946
6621
1584
6121
1156
2314
7043
1515
2729
6540
5545
3955
5859
4901
4812
4321
3575
9573
5373
6066
8746
2300
4373
1449
6675
2581
3212
2097
7555
3601
1723
2705
6018
609
3085
2705
5996
2600
3723
7916
1324
4128
7272
3175
8168
3660
7049
3041
3549
7166
2106
3723
5596
4251
3597
3770
1317
1675
4244
3003
2611
1141
4849
1526
1849
458
4652
9990
2203
1761
8244
6328
3439
4195
298
594
3429
4119
9739
2678
566
7025
6332
1126
2697
6359
4522
618
4108
1765
1506
1409
1056
4865
2687
2580
2949
913
7475
8129
3049
9243
3224
7094
3467
8365
710
604
4517
318
8952
3831
9945
5845
9994
8939
714
5449
8710
3809
558
1737
2687
6906
6147
2573
3869
1555
3216
6780
8715
5529
430
943
9165
735
807
5558
6102
9694
6765
5514
6953
45
5854
4850
1006
6081
1078
6490
4535
2566
6725
1617
6979
7343
6995
7441
3219
1546
4322
6773
9804
7159
4243
1974
620
9643
8171
8598
7264
7072
6903
3873
53
3967
7469
6400
8782
5265
3845
4736
6566
754
1977
8723
614
8823
3481
166
9609
3057
1249
6898
5373
3475
239
6662
5565
9153
1583
4837
2029
8505
1354
7084
7990
5654
2815
5687
8707
226
1536
6357
3419
1340
1760
5977
4719
1243
1339
7890
9798
5698
3991
3229
7096
5956
2170
1321
7096
937
4844
9995
1429
786
6238
7748
82
5337
459
5200
3205
189
8062
6736
4365
3005
3764
1898
5768
2754
8771
4206
1203
9250
6924
205
2611
2642
9645
406
7892
2380
3369
2625
3536
3426
1836
447
8002
2353
3978
5793
7900
3705
7031
472
1029
3532
60
9533
7895
8069
3673
4691
8056
3676
6662
7865
5527
1527
271
5892
5754
9970
7583
1341
2390
8034
8123
8983
1310
3446
8562
1155
9919
7583
1748
4151
156
3650
4961
8604
2277
7388
2563
1367
2477
5270
5903
779
9260
5464
280
8973
9138
4834
1220
5896
5230
8937
6467
3602
222
1071
4413
575
5127
1351
2444
8036
6376
3191
8858
590
6058
1934
9963
2708
8938
6040
654
7418
4890
7264
1136
8984
3316
1045
1330
571
1873
7024
3469
6538
9002
8485
3347
635
3661
9400
743
1607
1137
9394
5455
875
7885
6724
9017
6401
2566
9867
7468
782
536
3525
160
5549
4216
4547
5505
8012
9799
8671
7120
934
9801
4655
6650
9057
8854
6075
733
6328
2081
6908
9001
6603
2376
7797
5331
2117
843
2503
6208
5007
5824
7407
8207
1972
117
5922
4647
933
3528
6813
5108
4685
5428
422
9996
8087
8317
2279
3431
4575
8126
7788
7054
8822
1185
9450
5907
3210
8063
9875
7282
1525
808
7559
6454
5237
1653
5933
206
412
9084
9874
9281
4905
5507
9569
1297
1111
8393
7173
6780
9012
1618
8731
488
5876
9169
7003
208
5015
4715
5319
1642
137
8121
885
1308
9848
110
7210
2478
363
154
2840
3952
5153
318
2217
7311
4344
1393
940
2885
7679
19
8304
5183
1710
2688
9567
7395
2084
8103
6813
9089
7937
8059
848
1641
1221
6361
7026
3997
1993
5771
6180
7593
2669
2493
5894
5344
1297
6670
7557
6312
3368
3146
5252
8634
5866
6837
4510
2483
9881
3418
4202
4430
390
7957
1936
2181
9525
9166
5596
8917
4878
5399
4161
5602
2213
4247
3839
3243
1084
6776
9255
5792
856
3166
5726
6113
2417
986
225
1256
4158
3741
281
8553
5792
1121
4127
121
5838
6868
5009
3629
1426
7238
2069
309
9457
1222
2861
2169
3952
8535
6523
4210
8597
137
7751
6204
2108
7701
1664
5354
8811
8969
6944
5659
5272
2357
3955
5116
5993
1237
9224
3374
9645
992
6216
969
2057
1408
2711
3825
4677
1971
9177
6920
4264
9233
9527
8036
209
6591
6498
1650
9720
6884
9031
4955
2788
5210
6212
5446
2271
8087
5146
9471
7607
3404
1171
6534
6885
2382
7782
5995
6403
4147
2520
3433
1978
5215
1125
1280
4826
7696
6192
8407
1981
5926
487
33
7902
4728
6715
9088
3398
3891
1550
2712
3448
8884
8062
2885
7262
2375
7105
4239
9570
8097
7345
189
7841
6267
7258
4456
2429
8096
6001
6354
2675
1353
5432
1190
237
1926
2303
3713
88
3009
1853
8273
9208
6110
3504
7293
2954
1973
7121
198
5754
5587
9307
6093
4407
157
8349
1093
9556
3606
9438
377
7024
6308
2625
8641
2248
4862
841
3921
9499
9384
2415
9107
1455
803
5137
2263
8482
4110
8909
6055
3827
2657
1247
1440
6210
4236
8391
3566
1110
6012
1039
2294
542
6286
5467
6538
7529
2022
3985
8473
8009
2082
5931
8709
2357
3578
7163
4457
2047
2379
958
4539
1030
8549
2564
3454
1468
2050
4320
9259
6522
1368
6363
849
6883
7440
4765
6186
1431
8935
8878
3056
8441
5285
810
1120
2450
397
9268
4701
8295
7188
9164
1688
4665
9542
6451
9055
4844
1189
7711
4404
6362
1699
4762
4480
7225
5506
1504
3896
5978
4329
6457
8590
2835
1066
1795
1994
4031
7650
4932
3515
6628
9601
8526
9624
7637
5115
4356
2092
1290
9902
7548
242
1261
533
1078
8557
3654
1339
3003
9292
4954
1204
8681
1851
5214
1081
6575
9229
6066
466
3124
1113
124
5802
6989
5475
5683
6253
5982
3340
8366
8789
4688
9628
7451
133
3940
2607
244
917
2295
2542
511
4064
1303
4848
3284
2106
7477
6801
2053
8245
4907
1873
3849
1558
7136
2447
4601
5444
7594
3272
3920
6337
163
7659
1228
7037
3007
3087
3050
5334
8748
7127
401
612
2795
3749
6732
1572
8702
9228
6622
1891
8531
4330
6546
526
6192
7062
8561
6680
943
983
9480
620
6876
8278
4488
8211
1724
8916
6271
807
7441
2606
2440
2825
956
1648
8926
6497
7394
7112
6167
2740
4337
9485
8943
1482
6020
3616
1794
4384
1574
6337
5790
7596
7908
3205
4727
7664
1798
406
4397
8672
2559
3548
44
1415
1842
8571
7987
9015
7032
8828
3751
1935
927
5265
8216
5554
5893
8019
4131
5558
6054
2286
2810
1114
978
3008
9506
5372
419
334
2827
2617
5693
6135
6693
8598
9766
1469
5713
6383
9576
6065
6965
1054
9621
6526
3525
1758
2491
5657
8238
7632
9208
7015
6948
9070
8447
6032
1983
8350
6875
2867
6177
1450
5844
6025
1467
2557
2832
2526
3121
976
556
6590
9003
4247
6603
9516
7710
4229
7133
761
2378
9543
2419
8403
3828
8319
7315
8396
2615
1280
3176
4637
1047
1866
9419
3258
9047
2982
167
4247
443
292
8441
3179
8656
562
5239
5716
5595
6689
5780
3644
9343
1731
2561
187
8291
6999
4757
5068
5763
8648
5119
6436
7717
2914
1931
5649
1407
1063
1924
5439
9896
6945
6346
7457
7548
8857
996
7997
8452
744
1799
2393
8597
603
295
9637
4391
6668
2589
4329
313
8143
6762
5985
1219
5994
4604
8790
4429
1193
3743
5230
1838
3137
2021
1590
4599
1187
4824
1696
9537
3123
5967
104
1364
2377
4543
4347
2634
1239
4500
9466
6291
1725
8721
699
7498
394
4997
4353
5751
7572
3358
3517
9687
4490
3394
5525
2633
6647
8699
772
3018
5673
931
9793
2772
8163
8017
9909
2738
9744
4354
9847
8247
90
4332
4922
7248
3290
3614
91
4151
4832
8460
8819
2233
3444
7498
8051
1770
7534
5623
9953
7816
2596
6748
8413
9709
1650
4452
6073
873
3567
655
8153
1871
9901
9026
4391
4846
5905
2833
5994
1236
4644
3295
9352
3022
329
1541
2970
4962
7648
2385
7055
2065
5978
3649
4531
2967
6958
5841
9521
5189
1980
9313
375
2914
2096
8187
2841
6653
5656
5203
6441
3141
1881
3136
261
2044
3360
138
2929
762
2293
1268
5127
7582
7492
971
28
635
2479
7968
6629
3056
3838
8115
281
9959
6345
3760
9865
5475
9543
2383
8045
5444
5687
1510
6385
1277
7568
2545
1120
552
5508
1109
1376
8168
9466
994
4558
6399
8108
2104
5163
5521
8654
5019
4952
4424
1057
8713
285
3338
6918
1738
3504
2712
1174
2970
6724
6376
1410
9892
1280
5781
71
6239
5474
4069
6580
5101
1091
9548
9711
1617
5357
5616
8292
5393
4779
6092
607
4269
319
1480
5021
4207
8825
7881
494
5859
7207
2213
2926
713
4920
1802
260
7544
2950
7519
3098
7621
5907
3899
1886
7060
1602
53
9736
942
6234
2043
9181
5445
8646
4823
8979
6436
561
2255
3463
9546
689
5644
2507
9256
7936
2957
3556
4168
99
1661
9475
9217
8596
9938
3506
1081
755
3064
2321
1850
797
493
8625
5512
8107
5806
7970
9713
5807
1666
9704
8886
5258
9973
3971
570
5697
7496
15
6280
1841
4391
216
9034
6528
2683
9410
1815
8295
9793
505
7404
6029
1418
597
1535
8469
7780
128
4432
7739
3082
4810
8064
2090
4952
7948
2646
5186
3730
7356
5072
24
2820
7713
9783
3151
9980
5944
8423
2166
4600
9398
1533
33
8698
9951
1601
9196
6083
4870
9462
7309
767
5877
1216
362
2317
191
6421
8395
2802
7573
2759
8961
510
9478
9889
2455
815
954
1088
8
3829
929
5572
4226
6278
279
9287
3913
9730
5036
4478
4318
121
5969
7341
6177
252
4340
3631
6165
1458
1392
9814
7123
4700
911
6880
1746
5931
2722
3787
854
7504
4914
1034
6102
8164
4983
4729
5939
2489
3049
7629
3573
1073
9654
2624
4263
621
1923
7259
4343
9273
3814
500
9911
150
6995
8459
1639
2744
4870
8752
3431
401
6289
1303
5399
9501
5126
9086
5522
1808
1990
6174
5962
4685
5771
5344
4581
5577
8516
3858
4857
5887
271
2874
6884
2532
604
4203
527
3198
5918
9238
6163
5441
5109
1634
3469
9962
8811
9007
4302
7119
4524
4775
2918
9318
3593
6502
1250
5414
3118
5691
5715
6540
8771
480
2834
2270
6960
6631
2881
2069
1428
9525
8867
8598
6552
2996
9438
353
7343
7699
1920
4303
1201
8272
9184
8933
2200
889
5319
2414
7082
4127
9934
2072
2217
653
3945
701
9176
7368
3717
5269
5695
7686
3822
8458
5376
5460
5748
8780
1834
9395
6639
8454
9389
7842
2816
3089
1104
9858
298
8071
6880
7942
6609
6155
3322
1753
6098
3911
9947
8213
1363
6006
1750
7281
236
6659
6998
6506
8151
1713
1060
3814
6419
1117
2650
373
9647
4177
4089
1945
5557
331
1336
3319
5381
2525
3534
397
6564
1669
2627
71
4692
320
6898
8429
8710
219
9185
1024
173
2922
6372
7237
6149
5820
4127
1856
1588
4655
6442
3317
8464
6352
9930
3850
9201
518
269
6993
7847
1264
150
9557
5887
2619
8875
9507
5075
6440
2059
5772
4192
7310
4019
4199
412
2540
9315
1228
3863
2578
2189
94
545
2512
8957
7769
4333
2302
2447
2972
3844
2590
6109
2392
7677
4607
2456
7147
6555
772
9162
7686
7591
9844
5594
261
7952
7699
1599
6528
9473
1601
1320
9421
7490
4402
2603
2409
4817
8414
7724
8023
914
1369
912
4472
1636
6357
8387
4540
71
3414
8087
8343
6603
5558
7583
2007
4442
6939
3947
3205
4729
8214
5332
5002
1914
1293
170
3588
3542
3916
8027
5626
6809
1463
5623
3564
8815
771
1682
3134
6702
1014
4314
6727
2467
7851
9050
7044
5249
650
5518
6882
2023
6200
7224
8797
1666
9979
1619
6226
1171
2241
8485
284
1746
3186
6426
4845
7411
818
558
2634
2760
2204
1211
3693
8039
187
9493
4005
2669
7370
6754
5056
1523
479
8734
1020
3217
2627
8189
7115
1680
5190
5730
1989
7332
4368
6320
898
5098
7835
271
9304
413
6527
7266
273
1183
1630
2678
5313
391
3154
8749
2631
9478
3267
3100
1218
2735
1693
4546
5990
6822
6321
666
62
7639
3755
4498
6180
8395
3221
2045
4895
9830
5514
550
9373
308
6844
1111
8881
102
7738
488
6382
9911
684
6763
6117
548
6081
3240
7227
9964
3100
165
9311
900
4842
6968
858
4366
1207
3072
4952
7034
5442
4256
4070
5437
5022
3262
6413
2114
7306
539
6030
2927
7842
5971
7309
4985
5607
3640
9843
6714
286
9834
8335
5042
2037
4858
5901
6155
8859
4815
8810
8818
736
2232
2087
8835
9258
7411
636
3668
2793
5358
5934
6405
990
4636
6340
229
4840
3002
7494
1529
8238
4018
1223
2153
1732
7184
3525
9147
4376
243
8526
5061
7804
7910
5782
8845
9945
9504
5302
7234
8817
985
9559
4305
4742
9246
6847
161
7562
6470
1243
2176
2918
4101
8622
4017
2303
5313
2281
3110
7718
5524
2716
3643
7806
2610
2155
9891
3075
2523
5188
1143
9209
6883
3312
3899
8243
3952
2425
8355
1238
8772
6795
1431
349
1899
2205
9347
3038
5735
8130
50
2748
1098
3787
3836
47
7235
8383
8637
7473
8190
6094
4488
7018
6565
8242
236
6238
2715
455
2549
8085
9755
29
8150
9387
732
1900
1014
745
56
4439
825
628
8909
6867
7377
1349
3347
3514
6132
4793
6959
2075
9455
1738
9735
37
1675
9069
2695
7652
5711
3997
7156
8698
4502
7256
3727
8658
1587
3144
7773
1985
1298
5349
4100
6413
4625
2217
2088
4003
5663
2293
5255
980
3459
7618
145
9024
2656
9914
2556
678
3895
1319
3831
5193
3198
8476
8910
4455
560
9940
5197
6183
1718
2039
8856
2369
1172
2372
5259
6483
9366
7291
6541
1680
3612
9818
4971
2939
2628
7547
9698
5525
3927
7148
2220
2084
263
5935
4111
2292
9896
7283
9298
4322
1803
7587
1330
8470
4003
5213
1476
6689
7154
2709
251
4072
5651
5483
8204
9696
2654
8042
3024
906
4023
5027
5419
9344
5031
5354
363
1729
4640
542
2162
6633
7355
15
5639
6709
2565
4427
2778
7766
5017
7066
1783
9076
7775
8203
4493
3540
8806
5838
176
2093
6557
2179
8875
3287
7385
9747
8506
2277
3378
7070
5462
5221
254
2948
178
2870
3234
1848
8022
3033
3958
8946
3578
3099
5112
3555
838
4434
7700
8207
296
2613
3603
582
7621
5937
4978
6035
4275
2777
549
7897
1526
6830
2923
4538
7610
992
1010
1291
6721
7683
9358
9764
4044
1877
2487
796
9359
1439
7569
2485
1265
2555
9697
5891
113
1189
7084
2898
5983
3093
3057
505
2266
8379
5562
6842
1030
8907
1662
3020
7969
1548
3307
6538
325
3868
3347
3933
7296
6566
8884
7143
4162
4726
765
5746
4391
7580
5214
5689
5143
5808
1967
2660
250
1429
7219
6442
5039
2704
4046
9282
1518
171
5044
9115
1069
9621
9140
7885
4240
8157
966
7951
2645
8495
6897
4235
3615
3821
2496
8750
4769
5602
805
1972
4861
6643
1951
8292
1277
9495
7784
8775
3938
9897
8818
175
3659
9643
2707
2326
7673
7500
910
740
800
4253
3412
4662
6064
497
9835
3099
6613
9876
1726
4640
6140
3166
2661
174
1816
183
5590
9410
5219
5549
6652
766
6984
8227
1047
607
7425
525
1892
5247
1452
7881
9791
6779
5140
8368
5910
1511
3933
9822
2111
9472
9247
6477
2797
9938
2999
6697
943
2780
4939
1056
2186
6465
3132
3464
3624
832
8449
7797
7632
2966
1697
1819
6904
5090
2129
65
1017
665
8719
7655
3506
28
8926
2233
3583
3799
2676
6452
5948
763
5024
521
4068
1214
3999
4464
6831
2017
3585
7295
2395
2066
135
9530
3625
2243
2368
2861
7692
4539
1701
6616
1614
9084
7809
7962
5092
805
1893
3425
2403
7848
827
9921
7027
1790
1913
8595
1218
2394
2488
1632
988
9707
8566
9967
7450
8406
153
6971
88
2708
5109
968
4604
8632
3647
1367
2404
7299
1507
9848
9038
8811
1747
2639
9102
3337
6241
4251
7036
7715
1008
835
9836
4186
3061
5873
5570
196
1059
1716
7365
4812
7144
3232
7571
4344
2082
4793
2213
763
38
8976
1509
4876
610
2236
3341
2760
2321
3613
1458
1876
9039
9566
4833
2165
8429
6553
2105
5139
6856
6591
1993
6091
277
2487
4235
3876
2800
7991
689
8740
5813
5089
2398
948
9822
1376
1641
3633
1455
7124
5822
3525
4366
9897
3493
2070
5446
4030
871
1052
6126
5733
2526
153
5718
6070
9084
4100
1682
2586
8383
1606
362
6261
3987
1145
6912
2898
9209
4062
4756
3477
3927
4990
2661
5773
3872
6227
1928
4121
2613
9432
5342
5149
8059
5134
641
6805
2463
8336
1423
7609
856
5337
9483
8817
2716
7109
4528
4283
6261
7749
999
699
3733
583
4715
4082
1800
1494
8891
3666
6698
2685
6096
3792
8233
306
9263
6843
7179
9121
5377
2269
6978
8741
2177
7344
1951
5854
5974
7650
1862
1232
1538
2300
129
1065
8138
815
9191
5861
1622
3296
494
3509
2331
2486
3230
2237
6232
3825
200
5437
6478
4877
1703
7923
7252
2983
7526
1918
8601
5296
2851
9414
5387
48
2162
6410
3960
2141
1268
7386
8611
9131
8298
5511
3113
9462
2084
3095
3236
1950
959
8253
5551
6690
7759
2889
3948
5137
6665
6284
419
1388
2148
4495
5835
5040
4112
5812
2798
8867
8264
6956
8152
1085
260
4282
5392
7593
8835
3417
7930
8139
279
4986
8540
836
1185
944
5776
4228
3518
3616
4554
271
450
4274
442
8324
1652
4909
388
6442
2026
1059
8974
2859
7303
1864
5705
4390
3602
8265
6708
5871
1448
9498
3741
5082
8565
4993
4986
8936
4703
6097
9255
2625
7299
9385
9968
275
7381
1327
3121
7721
9410
6247
4077
6416
8968
2280
1244
7542
9817
3840
3000
2419
9147
407
4570
4605
5331
8002
2560
4502
995
4057
2354
7609
7250
8827
9445
2294
3595
6368
4207
2969
6121
4672
2428
9202
4497
7698
1553
9376
8688
6407
671
5007
519
7240
9562
1988
1924
8541
8219
4422
7331
2575
2338
720
932
6128
7104
8500
9519
3322
1972
4322
101
1318
36
761
57
3342
5759
4093
4736
5060
5089
2954
4100
1509
2374
7224
2095
776
5954
447
1110
5947
49
397
9523
3184
8218
2342
8536
4692
8169
4091
3681
6769
6110
590
1513
2580
3648
6069
8559
4497
8661
3837
3659
6709
1782
9408
5676
8941
5727
890
3892
2149
8677
6953
7510
260
6795
8291
6494
3894
8598
9229
4194
4441
8592
281
8888
764
122
7087
1304
9477
6997
719
1587
7250
1682
581
276
2867
9000
6782
4165
3910
2071
8107
2693
2146
43
3540
634
4632
9715
8559
9522
5046
9698
1377
9134
2462
2438
8035
1888
3128
1671
5993
5508
2291
5554
4655
9581
5217
3207
8484
114
4868
895
3452
649
9235
2210
7377
658
8754
328
3850
856
3201
382
1982
8899
5923
7435
9979
8081
5873
6836
4770
1670
1904
7533
5717
5058
8721
50
4612
6850
3416
6469
2756
3033
287
3511
9041
7665
2860
7132
5973
1004
8048
330
1226
8992
6913
8147
4156
5426
6506
1540
8723
1554
6449
6877
6960
4248
7242
9969
2037
877
4394
5232
5962
4814
1359
2900
4333
7980
9998
6408
8745
9479
7100
7968
2027
9916
9345
4420
8145
12
6650
4639
7779
799
4430
9656
1751
5241
1940
9374
1424
3932
9091
3209
6582
8734
9641
6367
2844
3789
6896
5092
7854
7408
702
454
7257
9103
1884
1224
5231
9542
761
956
2891
9206
9104
8135
867
9436
6807
1711
4460
1910
8009
4312
6609
851
6855
7568
9655
8043
570
9704
859
9231
9260
1988
1885
8146
9640
1413
7809
1192
3359
4053
1571
6269
4637
8625
2491
6010
1435
862
1089
4867
3638
341
7139
3301
319
9969
869
9550
645
1884
1032
4397
1552
4436
1902
1100
6943
7427
5677
3754
7332
8992
1282
8414
9950
8096
1144
2985
3784
4977
2281
5324
2144
7144
6675
8762
8491
233
9151
9583
2567
3927
7982
1201
3649
2237
3253
3413
4567
2364
8812
3797
8401
2342
8817
1761
3180
5866
4289
6164
6342
6481
5562
7192
1681
9529
1130
7692
4354
2063
2652
6341
4393
4946
4261
1251
2758
7494
3978
5766
8042
1671
6293
1200
2348
6638
9223
9356
6141
9144
9567
7424
9966
997
3948
6847
4080
6351
8288
6626
6492
2364
3317
2184
1700
1941
7061
8396
3385
2120
7604
4694
1039
3147
7376
9156
558
5922
1341
2873
2635
4722
3722
3655
8342
5655
1480
4826
8693
4355
6108
5413
1856
6776
4114
1937
9278
9800
2676
8098
8401
1227
1452
4733
7518
2481
8727
1399
7248
200
9498
1984
5676
48
8137
592
5223
6317
5989
1360
247
5405
7190
4444
1928
5211
3498
4583
2833
2995
3117
3600
7974
1431
1097
9043
6815
7713
8879
2211
2232
9289
1815
519
9194
2154
7141
4515
5498
3120
3565
8073
3760
6485
8775
4655
6555
6317
9254
3266
2820
3885
2262
4219
640
851
3140
6017
8553
2002
1011
1952
8159
669
204
6472
7403
5959
6933
2249
1349
9400
1317
1821
7927
9699
8279
294
3953
245
4653
3595
8910
7184
5863
7053
4999
6345
741
5438
502
3630
4009
1524
7742
8860
4832
7531
2665
5968
8354
3929
562
9997
2919
853
660
9502
2221
1690
6866
7580
3992
8105
1689
2722
2618
5277
8019
735
9779
4019
718
8763
329
5145
9292
4350
4123
5542
9323
109
9651
3003
984
4023
4763
3112
3551
8239
7298
4178
9175
1482
5359
724
2028
8220
324
9844
6732
1118
9926
935
5399
3154
8140
7575
3952
9130
295
4819
3705
3126
6481
3464
6062
6557
9801
3471
2945
7838
4845
1943
9286
5543
7865
612
3407
3750
2495
7784
8235
3325
4647
6754
2730
443
4714
4116
1236
6697
9353
3833
5819
419
9140
2615
7614
1416
6472
961
1632
8115
6375
6944
6744
7627
6110
5554
5130
1735
6211
6675
758
4694
5662
1740
111
3854
7498
6154
5183
9284
2796
5217
4889
4203
2563
8304
4751
6688
2544
7078
1621
6774
5272
4453
3925
4333
4023
5797
1877
5257
1496
7405
7062
5759
8482
5854
4158
35
8581
5616
969
2320
5910
6834
2123
120
1863
1691
2185
893
5738
7478
1368
1102
6791
3054
3270
8230
8252
1286
3080
4210
8549
1404
3812
1330
4108
3215
5168
2449
4690
4975
1066
1048
2239
5172
2409
6160
1255
4481
4692
2359
8638
4746
1314
6277
1900
1876
49
6158
9236
3356
4619
1915
3906
650
2198
7717
100
2103
8187
5217
9962
14
9082
3907
4656
9183
2619
7132
5132
4457
5416
5381
1011
1161
41
9825
673
6126
7904
6461
3976
3039
1590
8508
4280
3199
1782
9969
2272
6031
1945
2043
3173
2597
3153
3608
3217
1980
3306
4035
8061
9948
333
2992
9186
395
1959
4395
587
6020
537
7915
2191
8295
5538
2012
3791
417
2186
6333
4699
7134
7152
1751
506
9596
2551
6064
2841
6370
2540
7455
947
9825
5483
6960
6050
1353
4082
522
3765
623
4486
1872
7394
6781
9989
5573
3966
1450
8636
4867
779
12
970
3821
5553
3964
6612
1459
1169
2089
3770
326
4869
3504
2506
3325
4444
1562
8180
8328
2501
9541
1886
4579
4121
7544
2153
221
5438
8754
9187
4057
3865
8962
7006
7316
3779
4732
4736
8713
4096
3034
3501
3473
3852
9249
8642
1327
6535
6550
8004
3051
8195
2929
7705
7629
3467
2096
3988
3805
9014
5327
7495
2200
9404
6903
851
3654
824
3172
7460
8249
9615
5564
6379
72
5488
333
1196
4477
2748
4934
8217
3356
7960
1480
9742
278
6480
6110
1136
4829
5679
3019
7279
5256
2797
1987
4547
4905
1431
2173
2614
9229
8437
7431
6270
1187
3080
8875
302
5025
4531
6096
8237
9187
5243
4740
8631
6054
3538
4953
8451
6916
2752
1453
5093
1761
1539
991
2117
5494
6057
2398
864
4011
9531
6084
1788
3002
9037
2003
1698
6721
4355
815
3927
6680
3670
7260
7835
9988
3270
8153
7
3276
3266
8030
5856
5146
3079
1458
1265
4964
4262
7823
1240
7532
1193
8666
2463
8516
8710
2926
6718
9286
2948
1256
4831
8787
4270
9673
9186
314
5335
7703
6323
7771
9357
1765
4552
4189
4192
4020
8911
2445
245
2969
5608
2392
9974
6481
9806
6922
6556
8163
3996
1176
7600
7589
8013
9115
2717
3154
1813
5070
411
6986
9902
1082
568
3914
8997
5328
7143
1773
1191
487
3918
8435
3126
8230
7914
7762
4545
1460
7206
4778
530
7886
1084
1373
1449
857
6555
2191
442
2729
202
6314
6930
81
3852
7349
9840
2044
756
278
6225
8459
8762
9829
4092
656
3615
435
6624
6026
9933
3148
6154
8114
2739
1097
7867
5093
6272
4584
5402
3267
4669
1231
1110
5688
3568
2719
6095
3785
9342
3718
5813
6385
1201
4376
8865
6780
6698
3823
2435
2404
8649
4192
763
9290
4619
4943
8140
5255
1459
8678
9853
932
332
3138
1522
9479
8717
8447
6843
8734
1006
1509
972
6641
2298
4307
7868
2451
2278
5243
4818
6425
7441
9374
2621
5887
8108
2489
3426
2663
4652
592
4252
8707
1966
1434
4766
5381
7402
1805
1229
9349
4875
8924
1932
3955
7758
7934
2663
2253
4793
7873
8597
7347
2270
9006
2824
5577
79
1311
8566
989
260
830
2957
2777
2603
4144
6658
2443
6208
610
9531
1284
8334
2002
8142
942
3460
1346
9337
2273
1403
120
5044
6776
3735
8409
9764
4767
1196
4840
2081
9024
4563
9369
7625
6366
9069
1755
3926
2065
8055
3221
9326
7236
2558
5408
5499
5339
4389
6709
5114
105
5829
1785
4647
1441
2613
8982
201
6907
3146
8972
9
681
2320
2264
2745
8666
9209
1683
819
9071
6038
1310
1023
5869
6980
3500
9113
4466
1240
9506
7282
2075
47
2362
7110
3189
4319
2670
9263
8643
8642
6531
9304
4992
9092
1651
5636
373
1898
2736
2495
9565
5125
2630
6165
4582
7592
4800
6082
6299
8278
2990
5961
4944
7056
1045
1354
6222
1678
4728
1070
8128
5883
37
8900
573
6150
211
1985
8150
1494
8955
3331
5842
3229
4404
823
9513
3105
3060
7180
1166
2711
6499
6872
816
880
8418
9977
9858
6617
3724
1950
5018
9630
3403
6951
2231
6639
1167
4778
2935
4453
5771
2456
7015
134
3776
9439
1068
1559
7886
2401
4514
1922
9912
5797
2227
9337
295
7564
8538
6777
6002
1687
2169
8434
237
5288
6055
3878
5519
8134
7166
9952
8312
2676
5620
7495
4595
6516
8392
3715
6888
952
6912
2400
3653
4121
7681
8497
8350
684
4590
8902
6755
2274
2244
800
3841
7726
1558
3060
8652
701
3716
8191
1403
3249
8241
2681
2324
4926
3829
9661
6297
1257
8512
5272
1459
8829
8257
2688
5023
4047
9926
4375
3414
7461
1108
96
4449
67
602
6785
5420
2262
2497
393
8491
8181
4886
6628
203
7605
9531
4973
7578
8187
122
1843
3145
6967
9932
5567
8608
2655
4346
293
7795
3833
3362
9641
3684
9022
171
2292
2298
9899
2156
4343
1024
2394
5146
8751
7552
321
8081
3481
818
8600
438
3592
3535
8417
1258
741
9867
2419
2769
7319
6723
1879
7876
9315
5635
3287
9603
6997
763
6291
2847
3312
9075
5559
3735
4802
1468
4442
6337
1116
8569
3031
9436
5568
6302
1425
1219
1148
3719
8467
2468
1830
7565
3846
9490
7256
1317
3542
6120
4654
1145
2487
7920
1597
2411
1027
6019
710
2358
4168
2657
988
311
6768
6051
1299
2893
1537
3071
7977
317
5142
3067
2073
3769
349
4550
2621
8674
1379
9300
7492
1547
6829
5000
7285
3264
6904
4183
9811
6711
6531
1370
5537
9685
6011
8804
3416
836
9895
8805
678
5668
1542
382
8169
9328
7606
8134
8365
9810
5910
3837
6850
617
494
447
6721
5258
2205
8299
80
6021
1395
5540
5461
2794
1713
5799
9191
2668
6013
9150
5259
1012
2138
8741
3182
4313
1896
4059
2926
9294
4392
9548
5934
3084
3026
2124
7273
8946
7930
790
1366
634
4224
5270
8013
9903
5736
5796
8842
2540
6698
3570
5983
1750
1690
8663
4815
3804
5098
413
4072
3085
8831
4136
3664
4219
4034
6633
2868
4575
4295
7506
3693
1438
3315
1098
404
8202
233
2674
1686
2380
1590
8569
5371
7440
5870
3022
5412
8961
1926
1252
5060
9608
452
2123
833
5375
5956
9308
155
6554
7964
8341
1724
9864
7026
7830
9167
9045
2733
9899
4454
1892
1465
1083
9735
2877
2334
7040
9191
7025
7155
6600
7402
1445
9696
1451
7337
2910
9601
4222
9573
1754
7586
1080
299
7888
9319
9011
1865
6248
1050
1589
4048
9629
8859
9551
6410
4242
7955
1062
3309
7475
3929
3520
6401
5342
5145
6881
8783
2034
3074
6951
5355
1207
8255
1395
3363
3566
2520
2457
1544
553
1146
1449
9244
4686
2980
6687
3756
7417
6051
3319
6801
4176
8224
7814
3922
6043
8441
6597
2652
2963
2846
1807
9988
105
8748
7309
5036
5498
3487
6416
5044
6866
3731
3839
6227
9472
4796
1169
8391
9673
9159
1629
3337
463
3313
8480
1780
1378
2134
2831
3831
4759
5452
4605
9753
8873
2593
9200
1309
5597
211
8943
2998
7019
5967
9934
3053
1402
6411
3182
720
3514
9032
1694
9533
4056
6370
1559
1120
7181
2458
1238
9081
7032
262
7131
3649
3790
2535
8098
1119
6319
7979
8527
4294
5306
1460
8800
721
9508
9993
1645
2178
2837
1100
4339
1110
7683
1868
9058
4109
3443
5931
2596
5337
9933
2243
8207
5542
6368
4996
4620
2505
3430
449
696
6075
4649
1340
155
2104
7830
543
4216
5218
4001
5549
5508
1196
4617
1575
1723
5636
1549
7219
1727
4176
6927
1963
4322
6477
7816
5618
7270
916
3244
4108
6946
2046
3199
9342
536
7481
9257
1427
53
7787
4758
9009
729
7558
6977
6700
4568
9917
882
2969
9648
4582
2021
53
4540
4064
5197
9255
4135
4743
5384
5508
7509
1398
3269
2258
1599
9005
1684
543
4286
7155
2557
4562
8954
8141
4659
4673
5810
9423
9450
1813
6959
4642
2535
9979
1124
2471
6343
2749
6729
5947
2787
4033
6889
9884
1330
560
5656
1771
1855
6921
1849
3314
4541
7270
3182
5528
872
9600
705
7651
4958
3295
9379
925
1869
804
2308
5817
4943
6619
610
2200
8932
203
2789
8743
6318
8400
7370
9980
1523
2427
2574
8353
2014
5879
2606
4176
6599
111
4941
6352
2036
4479
518
798
8432
4425
6130
7551
9916
601
4763
3045
611
1834
9954
3008
1330
4682
991
8008
4055
8987
6103
1544
3208
1116
466
1484
4440
440
6781
3839
2247
3341
798
110
9479
5568
1063
9377
1574
6414
7756
8203
5160
6806
6328
1503
9156
1990
8653
4870
5059
1363
810
1486
3284
157
658
1189
2004
5954
9387
3911
9612
7073
4068
6580
7275
1794
9851
1254
2693
6692
6045
3729
5996
4135
4127
3003
3982
7660
3149
4222
8992
5450
3809
572
9866
4930
2198
5507
2978
3780
8493
4161
6781
7619
3760
2569
163
9031
1205
9702
7442
1586
8438
1392
1542
5670
1534
3917
2456
9940
1318
2665
852
8904
8178
1145
1968
2739
6453
221
6058
2184
268
3204
6097
7836
8426
5076
5335
7736
879
6730
2452
4928
1630
7599
9070
7785
1007
5068
921
9063
3426
367
6186
516
1270
414
5536
3944
9913
1291
1556
9493
7920
7913
2368
2562
4505
8511
9455
2267
5055
8138
8516
9767
1902
7863
6397
762
8200
2145
1577
4475
9319
440
6615
4680
1940
3
8977
7049
4184
7623
7561
6867
5089
8952
4563
5854
790
7455
8036
8745
9726
749
3353
5597
3422
640
1882
4943
3042
787
7392
4841
6735
8938
8773
315
9478
1935
2091
2542
3227
4454
2704
3834
7990
8008
3041
8217
1193
5598
9901
7195
8548
2412
4379
1131
5478
9025
4429
738
6965
3195
9959
5274
5760
2720
8139
245
210
9882
4375
128
1657
9971
1698
7218
7736
7794
3394
9369
9210
6804
4418
4936
4985
1998
3170
7065
2478
754
4559
4153
7369
2593
565
7332
1602
4352
738
1823
1969
2381
2252
8725
3676
8692
7030
2211
8015
6509
8143
8248
4529
9576
4267
7655
8468
3868
3767
544
1181
5436
2263
6798
389
460
7426
7329
1823
3810
5904
7999
8555
688
4611
934
1370
3617
7268
4070
5715
1682
8431
237
886
7059
2673
8338
7167
1710
8833
2390
3468
8391
6381
344
6434
4836
5687
2488
7406
176
752
94
9736
5386
6194
1340
3644
4083
1524
881
6460
6328
634
9935
9904
2573
636
8336
752
7467
6264
948
6339
1274
1834
2062
1881
3715
186
2017
6150
2703
8471
6724
5087
9780
9747
3741
5594
2370
2223
1869
145
4488
825
1160
1096
1309
3538
9065
7632
1340
5349
5475
1914
8686
3013
4826
1839
9950
9926
4339
8208
8058
31
4874
1850
8198
6638
1155
9132
9861
9564
8019
2636
3994
931
9711
3558
3099
9005
7541
4950
7320
7839
7210
201
4331
1462
6035
8463
6352
832
9864
7156
2006
8015
1590
9839
4295
3465
7508
4058
5349
9827
1449
1299
3701
8112
2300
7042
720
740
3611
1356
4887
9646
1072
8023
7624
3733
9761
1568
9519
8530
7143
6154
6030
7247
9522
6535
4447
8222
7018
5291
569
5373
7113
2239
722
6456
4855
884
6052
224
9958
4232
5619
843
2271
2862
4317
4155
9068
3545
2611
2803
2248
713
7944
1400
1380
6458
8823
5828
2044
104
6362
801
25
296
424
6980
824
2307
8382
5016
4859
2468
8274
6732
8622
7316
339
8671
3692
9987
1509
3132
4931
9770
8508
9153
8246
95
1383
6436
9698
8121
8207
2327
3571
1813
7504
7627
1799
8120
7175
5988
9427
918
3708
1244
5461
3570
6258
5466
7897
2454
8653
5924
6928
3542
355
8034
1263
2208
8806
6053
772
2390
1761
3944
8429
1872
2145
7734
4124
5787
998
4556
4838
5943
1034
3536
108
1696
49
7107
4316
6778
1970
4515
3656
1202
6293
3347
4406
3523
7101
3151
810
2775
88
187
3649
9823
5556
4635
591
5124
8596
5449
7868
8174
2084
1394
8027
2421
4329
5634
5643
295
1484
9169
8049
3209
8233
9245
7253
3505
531
8666
3500
7027
8123
1672
1110
5451
9968
4293
441
1067
3353
1170
894
8677
785
7833
2202
7755
1890
1935
175
9076
1637
7079
8420
8978
1032
4888
2211
3122
4385
2159
5586
5252
5442
9560
2756
5580
1406
2361
2128
903
8828
303
6354
2786
9321
7262
9297
3128
1858
211
9041
2394
1731
2364
601
9204
1417
2746
1752
4846
4975
117
6420
8208
1799
5553
8899
3001
1382
4193
6093
9810
4917
1977
2290
110
5366
3783
5192
1861
1844
5205
3431
9329
9326
6072
9641
8008
3525
1373
2252
9884
4100
7029
8410
704
1583
4670
9915
4780
7967
9300
6457
8082
9998
1399
9572
6225
381
1199
2215
4090
3022
9437
8443
2161
4703
8948
4266
1862
6132
9864
9079
2645
5656
3238
9340
3739
3829
8004
9012
1179
7490
4122
9322
5600
6012
1553
1906
9907
2393
1931
214
7838
2281
7044
8163
1906
7469
5895
2422
9590
8189
5091
1505
7346
3492
1552
4515
5131
4975
4429
4998
6735
7302
4796
10
2899
618
8736
8594
2507
9376
3637
1646
9019
5612
4401
585
3851
5489
1513
1268
5136
4984
2775
1634
4168
784
1707
5685
3350
8869
3360
9513
4720
5780
4385
4752
2869
573
2555
9006
274
1402
900
4789
359
9184
6732
3764
2022
419
4563
7179
331
286
6411
6099
9266
6195
7600
8283
3685
1232
293
7030
9910
2323
7345
7299
748
5584
3162
8109
4801
1264
2464
3301
8011
3804
7037
1356
6409
9402
3500
2981
2129
4199
2808
2666
295
2182
5590
5262
4848
2424
1269
7619
280
124
6132
7853
9665
1689
4022
3703
8110
5546
6770
5588
4943
7689
7165
4313
1277
607
6476
6249
7064
9770
2084
4704
9182
6689
661
7716
2367
8516
5639
1417
8079
5095
9059
7525
7868
7872
1909
9188
8193
4623
3649
6508
7546
926
3971
4722
6857
1529
267
2703
9561
6384
4905
2878
3824
9754
8566
1495
2426
1917
6067
6929
9827
2475
9669
7715
3189
526
1378
5260
2852
7128
5397
131
1798
1012
7624
1969
4887
2385
6882
5583
9163
9136
5247
6218
8085
1372
5376
1662
6328
5210
226
7185
2476
5761
5667
7967
4116
5147
3058
3751
5853
9948
4007
6979
3257
8387
7139
1037
8605
7183
2488
1809
7768
4995
396
1054
2869
8093
699
9729
2194
2852
7403
9123
18
6704
1684
2577
1488
174
895
6557
4166
6532
2861
2323
3676
7058
3772
5279
7220
954
182
7517
2390
8337
8186
2080
5048
4726
9999
887
1568
2242
4662
4206
2413
3617
9280
2289
8498
3152
6608
5638
4565
5815
2274
9579
8855
3978
7627
2573
1444
6986
2755
8059
702
5409
4225
4058
229
9870
8437
618
2810
9885
9612
5033
8356
3067
6943
7063
8995
1801
7997
4090
4258
3294
7787
6915
8018
6274
9353
1936
3493
2360
7159
5235
7192
2636
8503
2883
8293
382
868
7009
472
2461
5940
1502
8048
7111
5626
539
3640
4015
639
9537
263
9953
802
4483
7205
7411
2909
6912
1551
7948
42
61
4236
1081
7718
8979
9552
4141
1845
1204
385
1289
5110
1876
5961
9900
4904
3878
6524
1261
1725
740
27
567
718
3347
3111
3796
2800
7718
5305
7341
9445
8305
6562
9217
5717
8369
4126
2820
4543
8027
1807
2329
7435
4483
6999
2772
9586
9150
8550
6249
7920
3753
2501
937
5560
6555
4785
6478
4072
3560
3180
3460
8639
3880
9553
4619
5821
5447
5335
9114
4602
3214
9112
8951
5465
3251
338
1924
3102