3600
3498
8538
1760
3498
535
1363
4454
9590
720
7589
6186
5818
2383
5810
4039
3818
2383
7176
8530
3299
4801
2341
6464
4201
6047
8540
5449
180
575
9304
8892
3702
379
81
3010
2496
1822
9677
9767
1462
4689
7673
9399
9792
7000
2984
5381
179
8326
1402
3186
7087
2232
6224
300
969
2864
4704
8693
3708
5889
6757
7206
6172
2459
8664
2451
7916
5959
8644
4896
6864
9765
1046
2292
7765
1123
3732
6317
3856
7874
481
6469
2852
6324
3422
916
1704
5496
3058
9861
600
6489
3468
9165
9594
8787
2568
3434
7268
1368
2881
344
8013
5794
8055
2026
8593
842
2449
9718
1657
8169
6084
9234
1754
3484
1828
46
460
2733
5418
7234
8046
5600
6263
8026
696
3531
249
8783
8130
5210
6332
775
803
7746
9218
2463
3964
980
5621
5385
5766
404
684
113
3321
4394
5900
3588
2207
1256
1009
6867
7768
5182
2990
2900
959
5979
2034
5706
3676
1685
1195
3318
348
8475
6927
9086
3934
7864
2456
5581
1423
6426
5232
3818
4377
5700
46
4366
2199
7329
5391
8128
9852
3163
2521
3667
1077
539
5659
3652
2684
2657
5161
9260
974
3189
6519
7916
1391
6559
8724
9498
4781
437
4249
2838
114
1091
3537
9362
6606
2336
5372
3698
7220
8974
1983
6064
2659
1202
6270
915
1225
9797
5244
6817
6227
2218
2434
5523
6519
8097
5678
4952
1206
7291
7966
8508
3020
1919
8366
5258
3578
8317
8558
4032
8391
785
2296
1058
4834
2617
880
3570
3738
746
3949
8366
3329
8241
3751
4554
639
550
3905
7760
5283
8661
1256
4405
6720
9344
7549
8430
7717
1359
1040
8434
9180
8266
5405
1010
7640
1784
2220
3766
7497
1880
7571
8746
4258
4593
2494
2665
2365
5189
6706
5129
8045
4107
8095
2951
4900
493
5125
2180
70
6511
5240
3985
6541
2594
1510
5206
5871
823
3815
1433
2605
1079
663
9725
7437
4195
5329
9129
5914
7560
1180
1195
9738
1077
5402
2652
1313
1232
1694
8438
3669
7333
6526
1076
1953
8144
1834
8168
7997
4206
7676
5346
1998
7727
8800
4464
7738
5087
8022
8225
1103
9173
8213
9791
2596
1067
1970
4252
848
1695
577
9899
762
6345
9371
643
800
3566
4162
3039
1708
9828
4913
2058
4212
4408
1351
1354
2017
428
6517
7545
578
277
1413
1676
5298
7300
9534
7341
2919
2451
1654
5116
45
114
1191
9702
226
9010
1765
5428
6675
6867
6814
5896
615
745
5939
179
8042
1268
6935
7994
9821
8160
9253
1770
204
1513
6167
2057
5312
3875
3060
5104
6662
8634
4041
3046
1279
598
8940
2334
9017
7921
9309
36
9871
9563
1213
7651
1101
1005
7267
3787
4375
541
4621
4689
7193
6098
116
9080
1409
2313
6724
575
7741
1479
9082
4314
5071
3184
3774
5989
1304
711
2963
966
1780
7958
2381
2947
162
2624
7378
2452
5383
4950
5268
1978
4291
4103
7038
5168
1892
75
61
865
6858
578
417
9387
2779
5896
2612
7250
2551
2541
5755
183
1742
1762
7370
6634
6177
2533
76
3758
2359
6577
1667
4876
7041
5392
7229
7627
3040
6515
2584
7775
6805
5747
6791
2991
1177
3832
2822
2204
2062
8602
7530
8030
6918
2775
7901
1744
1010
9492
2808
4624
2110
423
5313
6016
4667
4948
5624
1536
2269
1415
8221
5568
9590
7458
1588
3168
2642
3591
8331
5563
1749
9207
1083
5395
8370
2604
9485
2702
4046
1845
4895
4210
4276
4688
7031
7725
5609
8413
7336
824
8755
4367
5763
4364
902
7462
5599
8502
6847
508
5788
39
1044
7021
1076
943
4459
522
5891
3627
8347
5823
3064
7756
9633
4612
7597
4795
4755
8241
6580
9962
42
5397
9490
2284
3947
6473
4257
2583
7366
1424
5632
1433
8596
2594
9581
2185
4682
73
1910
1104
3427
5547
6988
8279
3485
5866
7114
642
1746
7545
517
1198
9274
1568
4707
3303
79
6481
7633
6157
2305
9147
2096
9080
6731
8830
543
1641
3062
6305
3359
339
780
7489
9907
7642
9504
8395
1174
8379
4364
4556
8178
5628
9659
5911
7742
2165
8168
5671
5975
6672
2598
757
7667
5404
9762
3755
8082
3448
1990
5770
7078
6238
1120
7705
772
2718
1426
6415
9162
3581
682
4324
3236
9357
5
195
5946
9471
768
1810
1405
3190
319
6533
8626
8062
8449
512
957
3981
6692
5451
930
6169
1605
5675
407
1994
1355
4574
8718
5984
2453
8087
2306
7336
4720
7692
7696
8284
4109
5020
3449
8089
4835
6564
3972
8869
2769
7364
5337
8464
5223
4910
6571
6122
5845
7694
7046
3430
4227
1792
1273
6717
2339
1134
8341
2294
2740
409
2392
8596
4713
3307
6275
5984
1113
1371
7570
6569
1912
4928
2029
2666
8470
1369
1146
91
2199
3484
790
6602
2275
1261
2052
2139
526
2177
7237
269
6906
4628
3225
4560
11
9800
4228
3108
9723
2976
468
2371
1520
1708
3714
2898
155
9093
8359
5155
7170
6811
7457
4399
3329
9372
8999
2770
6412
3976
9529
616
7352
7059
8875
23
3883
9979
3524
6236
5760
443
273
3338
9215
8559
8783
8784
2365
1081
7402
1931
7552
7636
6431
1948
6358
1254
3849
6059
3079
8251
7626
3228
9815
4223
1815
8529
4961
4444
7786
2688
8224
502
1154
7302
6303
1459
1965
3260
4484
6303
1257
1354
8280
9966
2808
8761
4859
6307
7666
6381
53
8001
6879
1315
2864
5840
5541
5014
2788
1683
5278
328
6179
6919
7230
7952
6071
1502
8164
9807
4264
7997
1167
5128
1810
8467
787
9359
694
5435
8699
5040
1616
9651
1745
1396
7898
366
1804
6879
4431
2535
1674
333
8753
4968
1950
4207
8255
4905
6923
2448
9521
5372
7698
6349
1510
153
7512
8805
3025
9974
7292
3037
8495
1977
6855
535
1916
3297
1685
2915
631
193
51
9958
3443
3119
4250
6379
4575
236
7963
4056
903
1908
4138
5042