4246
1
2
4462
4
6101
6
7
8
9
5234
7868
12
2055
282
15
16
7106
18
19
20
21
7260
23
24
25
26
27
4256
29
30
772
32
33
34
4749
36
6552
7470
39
40
132
42
43
3909
45
7945
47
48
49
1582
51
2720
53
54
55
24
57
58
59
7345
61
1368
5584
2611
9468
9206
67
68
69
3804
7144
7479
73
74
75
76
77
2576
79
80
81
82
83
84
2480
86
87
88
89
90
338
92
93
94
95
5148
97
98
99
100
4447
6842
103
104
105
106
107
108
109
110
111
8495
1575
9600
115
116
117
118
4391
120
121
122
7773
4195
9305
126
127
128
129
130
616
132
133
134
135
136
6709
4524
6333
140
5978
8803
3874
144
145
9980
147
3236
6622
150
1906
152
6553
483
155
7183
157
158
4058
160
161
5596
906
975
9663
7862
9015
168
169
170
171
9291
173
174
175
176
3342
178
179
180
2128
182
183
184
185
186
187
188
9094
1635
8209
192
7536
194
684
9800
8887
8812
5638
200
201
202
203
204
3920
206
207
208
3449
5918
211
212
213
214
215
216
217
325
219
220
221
222
1937
224
225
226
2287
2972
9019
230
231
232
233
234
235
236
237
238
2956
240
241
242
243
244
2244
6512
247
248
249
250
251
252
8283
9985
255
256
257
258
4840
260
5116
262
263
264
265
266
267
9886
269
270
271
272
273
274
275
9383
277
278
279
280
2663
282
283
284
285
286
287
288
4637
1114
777
8381
5162
294
295
296
297
298
299
300
301
302
303
8695
827
8912
307
10
9303
310
311
6508
313
422
6571
316
317
318
319
320
321
322
323
324
325
8281
327
328
3450
330
331
332
333
334
2291
336
5749
338
339
2136
341
7853
343
344
345
346
3396
348
349
350
351
352
353
5068
355
3066
357
358
4714
6639
8941
362
363
5670
365
941
367
2630
9699
6205
2641
3243
373
6032
375
376
377
378
379
380
381
2973
383
384
385
2135
387
388
389
390
391
392
2282
4416
2463
396
397
398
399
400
401
402
403
9105
405
406
407
408
409
7274
411
412
413
3946
4419
416
417
418
4062
8962
421
422
423
424
5177
1046
427
4486
4641
3943
431
432
433
1135
435
436
4222
438
439
440
441
2613
8028
444
445
446
447
448
1778
102
451
6895
7617
454
455
6502
3835
458
459
460
2956
462
3584
464
465
466
467
468
469
470
9909
472
473
7714
246
476
477
478
8251
6035
481
482
483
484
9233
486
9485
5100
489
490
2551
492
6058
5850
495
496
497
498
499
2066
501
502
2158
504
505
506
507
508
509
510
511
2515
513
514
515
7343
517
7709
519
520
521
522
523
4301
525
2235
527
4109
529
530
2105
532
3239
534
535
6500
537
538
4346
2092
541
9397
4048
544
545
1281
547
5102
549
550
551
8552
7589
554
555
556
8839
6680
559
560
9944
562
563
564
565
566
4272
5024
569
2110
210
572
573
574
575
1352
577
9315
579
5666
581
582
583
8723
585
60
587
588
589
5417
591
592
8618
594
2225
6190
6036
598
599
600
2599
3088
6504
189
605
606
607
608
7331
7514
611
612
1361
614
615
616
617
618
619
6293
450
622
623
624
625
421
627
628
8104
630
285
632
633
8279
635
636
8717
638
639
4004
7387
642
643
644
5844
646
6568
648
9179
650
5034
652
653
6540
8279
656
657
658
659
8156
661
662
663
664
2695
666
667
491
3092
670
671
672
673
9422
675
1238
677
678
679
680
681
682
683
684
685
226
687
688
8656
3693
691
692
693
694
695
696
697
698
699
7225
701
702
703
704
705
706
7068
708
709
4946
711
712
713
2442
1852
716
717
718
719
720
6136
722
1906
724
725
726
727
728
729
8250
3316
732
733
734
7444
736
737
738
739
740
741
6555
743
744
745
5186
2240
748
749
750
751
752
8985
754
755
756
757
9637
759
760
761
762
763
764
8862
766
767
7494
769
596
8304
3542
773
2690
775
3927
777
778
2466
4506
781
782
783
784
785
786
787
5325
862
790
4694
792
793
5672
795
796
797
798
799
800
801
923
803
804
805
806
807
333
809
1995
811
6983
813
4063
815
2373
817
1033
819
1183
8582
3276
823
824
825
826
827
828
5761
228
5832
4885
833
8049
647
7666
4743
4133
839
840
9482
842
843
2271
845
846
3907
7741
849
1931
851
852
9104
854
855
2518
2066
858
859
860
861
862
972
7259
865
866
867
868
869
404
871
872
873
874
875
2019
877
878
879
6934
881
882
883
217
1868
886
887
888
889
890
891
2649
893
894
895
896
897
898
899
900
2349
902
903
904
905
906
907
908
2683
910
911
2643
913
914
915
2975
917
5990
919
920
3973
922
505
2249
925
7831
927
928
9889
2410
931
932
933
265
1819
2108
937
1848
939
940
941
942
943
4902
3202
946
947
948
949
950
951
952
9403
954
955
6931
957
958
7060
960
961
5073
963
964
965
3252
2158
968
5986
6476
971
972
973
974
975
976
977
978
979
5255
981
982
983
6496
5043
3920
987
988
989
990
7403
1157
993
994
995
1392
9215
261
999
1000
5393
1002
6862
1004
1005
1006
5988
2128
8401
425
6882
1696
1013
9869
1015
1016
1017
723
2732
1020
1021
1022
1023
2556
1025
1026
1969
856
1029
3454
7476
2604
1033
1034
5717
2308
1037
1038
1039
1040
1041
1042
5485
1044
2327
1046
461
1614
7101
1050
1051
1052
1053
1054
1055
5449
4873
9936
1059
1330
1061
1062
1063
1064
1065
1066
6272
1068
1069
342
1071
1072
1073
1074
6005
1076
1063
9441
1079
1080
1081
1082
1083
1084
1085
23
1087
1088
1089
1090
1091
8862
6486
1094
1095
1096
1097
1098
1099
3396
1101
1102
1103
8219
1105
9741
1107
1108
3317
1110
9674
3210
4866
1114
1115
1116
1117
172
1119
1120
6797
1122
1123
4413
1125
1126
1127
1128
1129
1130
1131
1132
1133
1134
1135
8766
1137
1138
1139
1140
1141
81
1143
1144
1145
1146
5974
1148
1149
1150
3475
1152
1153
1154
1155
1156
1157
4001
1159
1160
2669
1162
2379
1164
1165
6812
1167
1168
3805
1170
1171
3462
7954
1331
5072
1176
2108
1178
1179
1180
1181
1182
1183
1184
4875
1186
1187
4734
1189
1190
1191
1192
5640
8406
1195
1196
6332
9034
1199
1200
1201
1202
1203
1204
1205
2533
371
1208
1209
1210
1211
1212
1213
1214
1215
1216
1217
9190
1219
3317
1221
1222
1223
1224
1225
1226
5052
1228
1229
3638
1231
7100
7618
1234
1235
1236
1237
1238
6296
1240
1241
1242
1243
1244
1245
1246
1247
1248
1249
1250
1251
872
1253
1254
1255
1256
1257
9435
1259
1260
8020
1262
144
2982
1265
1266
1267
1268
1269
1270
1271
1272
1273
506
1275
5645
1277
1278
3347
1280
3469
1282
1283
1284
1285
1286
1287
1288
1289
1290
1291
1292
1293
1294
1295
1296
7326
1298
1299
1300
1301
47
414
1304
1305
1306
28
1308
1309
1310
1916
5671
1313
1314
1315
1316
1823
255
7556
7295
6793
9831
1323
7712
1325
2511
1327
1328
1329
1330
992
1332
1333
1334
1335
6666
1548
1338
7170
1340
6199
1342
1343
1344
1345
5321
7440
2360
3675
4449
1351
6047
1818
9066
9952
1356
1357
3389
1359
1360
1361
1362
1363
1364
1365
1366
361
1368
7656
1370
1371
1372
1373
8928
1375
1376
1377
1378
1379
1380
2683
1382
1383
1384
1385
1386
2453
1388
1389
2026
1391
1392
1393
1394
1395
1396
1397
1398
6826
5033
1401
7002
1403
1404
1405
1406
1407
1837
1409
1410
1411
1412
1413
1414
1415
1416
5701
1418
1419
1119
1421
1422
1423
1424
1425
1426
1427
2277
6384
1430
2868
1432
1433
7390
1435
1436
669
1438
1439
1440
2006
1442
2264
1444
1445
1446
1447
1448
1449
1450
1451
1452
6588
5237
2175
1456
1457
1208
8803
8388
1461
1462
3126
1464
1465
1466
1467
4184
9140
1470
1471
8367
566
1474
2481
8343
1477
1478
1839
1480
1481
1482
1483
558
1485
1263
1487
1488
1489
1490
1491
4819
1493
1494
1495
1496
489
1498
3033
2491
1501
1502
5427
1504
1505
1506
1507
9368
7432
1095
1977
1512
1864
1514
1515
7997
1517
1518
1519
2008
6751
1522
1523
5312
1525
1526
1527
1528
4348
4933
6515
1532
4032
3642
4595
1279
144
1538
1539
7516
1541
1542
1543
1544
8445
1209
1547
2420
1549
1550
1551
1552
1553
1554
1555
2815
7862
1558
1559
1560
1561
7161
7116
1564
1565
548
1567
6694
7972
6580
1571
6528
1573
1574
3399
1576
1577
1946
1579
1580
4617
1582
1583
1584
7029
1586
5645
4045
1589
1590
1591
1592
1593
1594
1595
2397
1597
8008
1599
1600
1601
1602
1603
1604
1605
1606
7523
3216
1609
1610
1611
1612
1613
1614
1615
5778
1617
1618
1619
3506
1621
1622
1623
1624
1625
1626
1627
1628
1629
386
1631
1632
6898
1634
1635
1636
1637
1638
1639
1640
1641
1642
772
1644
1645
1646
3646
1648
1649
1650
1651
5727
2363
826
1655
1656
1657
1658
1213
1660
6866
3645
1663
9429
4018
8491
1667
1668
9030
2554
8581
1672
1673
1674
1675
1676
175
1678
1679
1680
1681
5939
1683
1684
1685
1686
2661
1688
2243
1690
1691
1692
1693
1493
1695
1696
1697
8857
1699
1700
150
5043
1703
1704
3340
1706
5275
1708
2293
1710
5486
1712
1713
1714
1784
2144
2257
6591
1719
1720
6553
6041
1723
1724
1725
1726
1727
1728
1729
1730
1731
1732
2795
1734
1735
1736
722
1738
1739
1740
3886
1742
1743
5143
1745
1746
1747
1748
1749
4233
1751
1752
1753
1754
317
8669
9257
1758
1759
4621
5601
7819
1763
1764
1521
2737
1767
1768
1769
1770
1771
1772
1773
1774
1775
1776
1777
1778
1779
1780
1781
1782
7006
1784
1785
1786
1787
1788
1789
1790
3596
1792
1793
1794
1795
3649
1797
1798
9197
1800
1801
9437
6898
1804
1805
1806
1807
1808
1809
8385
6106
7858
1813
499
1815
1816
1817
1818
1819
6276
3826
1902
7351
1824
1825
7040
1827
7038
1829
1830
1831
1832
2499
6582
1835
1836
1837
8282
1839
8400
1841
187
7083
1844
1845
1846
1847
1848
1849
1850
350
2790
9344
7165
1855
1856
1857
1858
5042
1860
2778
1862
1863
1864
1128
1866
1867
1868
1869
1870
1871
3889
1873
1874
1875
1285
1877
1878
5151
1880
9507
1882
1351
1884
1885
1886
1887
1888
1889
1890
1891
1892
1893
1894
1895
8284
1897
1898
1899
1900
1901
2400
9448
1904
754
1906
7026
1908
1922
9772
2947
1912
1913
9181
1915
1916
1917
971
1919
1402
1921
1922
1923
9102
1925
754
8501
1928
1929
1930
1931
1932
260
1934
1935
1936
1937
3967
7505
1940
1270
5416
1943
1944
1945
1946
1947
1948
1949
1950
1951
741
1953
520
1955
1956
1957
1958
1959
1960
4749
1962
9346
657
1965
1966
1967
1968
1969
1970
1971
1972
1973
1974
1975
1976
1977
1978
9122
1980
1981
1982
1983
1984
2063
5216
1987
1988
2404
1990
1991
1992
1993
4289
1995
1996
1997
584
1999
2000
2001
2002
2003
2004
9288
2006
9208
6639
7367
2010
2011
8664
2013
2014
8379
2016
2017
2018
2019
2020
2021
2022
2023
2024
12
2026
2027
7375
2029
2030
2031
7657
6847
2034
2035
2036
2037
2038
2039
2040
4151
2042
9465
6966
2045
2046
2047
4798
2781
2050
2051
2052
8809
2054
2055
2056
2689
1260
2059
2060
1763
8755
2063
2064
2065
2066
2067
2068
2069
2070
2071
2072
2073
2074
2075
2076
2077
7837
2079
2488
2081
2082
2083
1698
4908
2086
2087
1239
2089
2090
2091
2092
7679
2676
6368
7318
2097
1193
3826
2100
2101
2102
2103
2104
1347
2106
2107
2108
2076
2110
2111
2112
2113
2114
8749
2116
2117
9350
1306
2120
2121
2122
2123
2124
2125
2126
2127
2128
2129
2130
2131
2132
2133
2134
2135
2136
2137
9913
5134
2140
2141
13
148
2144
2145
4601
5794
2148
2149
2150
1889
2152
4615
2154
2031
2156
2157
2158
2395
6668
2161
8399
2163
3391
2165
2166
2167
2168
2169
7529
2171
2172
2173
2174
6277
2176
2177
2178
2179
2180
8669
2182
2183
2318
5568
2186
7711
2188
2189
2190
2872
2192
1616
2194
5675
2196
2197
2198
9388
2200
766
2442
707
9752
2205
2206
2207
5521
2209
238
2211
2203
2213
6758
2215
2216
2217
947
2219
2220
2221
2222
2223
2224
8363
9688
2227
2228
2229
1899
2231
6745
2233
2234
2235
4858
2237
2238
6004
2240
2241
2242
4534
2244
5497
2385
2247
2248
2249
2250
2251
2252
2253
7454
6190
6341
2257
2258
2259
2260
2261
2262
2263
2264
2265
2532
2267
6222
2269
2270
2271
2272
2273
2274
2275
7484
2277
9593
2279
2280
9617
2282
6968
2284
2285
2286
1046
2288
2289
2290
7256
2292
2293
2294
2295
2296
2297
2298
2299
2300
2301
2524
1528
2304
482
7765
2307
2308
2309
2310
6472
2312
5549
2314
2315
1736
2317
2318
2319
2320
2321
2322
2323
2666
7379
2326
9317
2328
2329
2330
3764
2332
2333
2334
2335
2336
3836
1104
6755
2340
7185
2342
2343
929
2345
5968
5747
2348
2349
2350
2351
2352
7292
2354
2355
2356
2357
2358
2359
2360
2361
2362
2363
2194
2365
2366
2367
2368
2369
2370
2371
2372
2373
1796
2375
2376
2377
2378
2379
2380
2381
2382
2383
2384
9380
2386
9683
2388
2389
6419
2391
2392
3851
2054
2395
6075
2397
2398
4912
2400
2401
2402
2403
9746
6773
2406
971
1246
2409
2410
2411
2412
7780
2414
2415
2416
2939
2418
3007
5174
2421
2422
2423
265
458
2426
2427
674
2429
2430
2431
2432
2433
2434
4827
2436
2437
594
2439
2440
2441
2442
8831
2444
7200
2446
4411
2448
2449
4001
2451
2452
4216
2454
1739
2456
2457
8744
2459
5956
2461
33
2463
3561
2465
1210
2467
2468
2469
2470
2471
4973
2473
2474
783
2476
3216
2478
2479
2480
2481
1454
9563
2484
674
2486
2487
2488
2387
2490
800
2492
2493
2494
4917
2496
2497
4770
2499
2500
2501
2502
2503
2504
2505
3549
2507
2508
9434
2510
2511
4774
9098
2514
2515
2516
2517
2518
2519
2520
2521
119
2523
2524
2525
2526
2527
2528
2529
2530
2531
4153
2533
155
2535
2536
2537
2538
400
2540
2541
2542
2457
2544
2545
5698
5184
2548
2549
2550
2454
2552
5060
2554
9179
2556
2557
2558
2559
2560
2561
2562
2563
2564
1265
4689
2567
8461
7278
2570
9663
3508
2573
602
2563
8472
748
3983
5267
117
2581
4174
2583
1069
2585
1625
2587
2588
2589
2609
6596
2592
2593
2594
2595
2596
2597
2598
4042
2600
2601
9443
2603
2604
2605
2606
2640
2608
247
2610
2611
213
643
2614
2615
5817
2617
2618
2619
2620
362
2622
2623
2624
2625
2626
2627
2628
2629
688
2631
2391
2633
2634
2635
2636
833
2638
6463
2640
2641
2642
2643
2644
2645
2646
2647
2648
2649
686
2651
2652
2653
2025
6072
2656
2657
2658
2659
5774
6122
2662
2663
1516
2665
1552
5538
2668
5705
4832
2406
2672
7939
2674
2675
2676
2677
6208
7705
2680
2681
7219
2683
978
2685
8278
2687
2688
2689
2690
1957
2692
2693
4602
3944
2696
2697
2698
2699
2700
2701
2702
2703
2704
2705
2706
2707
2708
2709
2710
7744
2712
1984
2714
2715
2716
8494
2718
2719
2720
2721
6223
2723
2724
2725
5515
2727
2728
1317
2730
1135
2732
2733
232
2735
2736
2737
4526
1373
2740
7741
917
2743
2744
2745
8784
2747
2748
2749
2750
2751
2752
2753
4218
7812
2756
2706
2758
2759
2760
1663
4894
1654
2764
2765
2766
2767
340
4222
4848
2771
5954
2773
2774
1504
3041
2777
2778
2779
2780
2944
7229
2783
7166
2785
3453
1016
2788
7529
2790
2791
2792
2793
5987
2795
2796
2797
2798
2799
2800
2801
2802
2803
4247
8229
5071
2807
2808
7086
1260
2811
2812
8582
2814
2815
2816
1589
2818
2819
2820
2821
2822
2823
5082
8031
2826
2827
1053
5589
2830
2831
7609
3597
2834
2835
2836
2837
2838
2839
2840
2841
2842
4434
2844
2845
1962
2847
2848
2849
2850
2851
2852
2853
2854
8473
2856
2857
2858
8547
2860
2554
2862
2863
1576
2865
2866
6889
9225
2869
2870
3554
2872
2873
5733
1850
2876
2877
2878
2879
2880
1619
2882
2883
2884
1545
2886
2887
2888
2889
2025
2891
6409
2893
2894
722
2896
2897
2898
5679
2900
8825
2902
8698
6511
2905
2906
480
2908
2909
2910
2911
2912
482
6786
2915
3453
5421
2918
7553
2920
2921
2922
2923
2924
2925
2926
2927
2928
2929
2930
2931
6915
2933
2934
2935
2936
2937
9309
2939
9104
7979
2942
7003
1257
4395
2946
2947
2158
9930
2950
6787
2952
2953
3257
2955
2956
8729
6713
2959
2960
2961
2962
2963
2964
2965
2966
2967
2968
2969
3456
2971
2972
2745
2974
7946
2976
2977
2978
4535
2980
2981
3786
2983
7521
2985
2986
2987
2988
2989
3600
8031
2992
2993
8278
2995
6988
2997
2998
2999
3000
3001
3002
2076
3004
2702
3006
8857
217
1584
3010
1011
3082
310
3014
3015
3016
3017
3018
3756
3020
3021
3022
5775
5346
102
3026
3027
27
3029
3030
3031
3032
3033
3034
3035
3036
3037
3038
3039
7559
3041
3042
3043
1399
6313
3046
3047
3048
8920
3050
3051
3052
630
3054
3055
5381
3057
3058
1241
5650
1923
628
5554
1135
8852
3066
3067
3068
3069
3070
8560
3072
3073
3074
7312
3076
3077
3078
4981
3080
3081
741
3083
3084
3085
5835
3323
3088
1549
3090
796
3092
3093
3094
3095
9606
3097
3098
7402
3100
3101
3102
3103
3104
3105
3106
3107
3108
8258
3110
3111
3112
3113
3114
1423
3116
472
3118
3119
3120
3121
8843
1680
3124
3125
3126
3127
3128
3129
3130
3131
3132
3133
3134
3135
4997
3137
6115
3139
3140
3125
3142
6886
3144
3145
2443
3147
3148
5880
3150
3151
3152
141
3404
3155
3156
3403
3158
2833
3160
3161
3162
3163
3164
3165
30
4409
4545
3169
2989
3171
4974
3173
3174
1536
7154
5298
1365
9544
5312
1145
3182
3183
3493
402
3186
3187
3188
3189
3190
3191
3192
3193
3194
3195
2278
3197
3198
3199
3200
3201
3202
8464
2547
3205
9435
4326
8016
3209
6633
3211
1273
3213
3214
3215
9641
598
3218
7773
4193
3221
7477
3223
6760
3225
3226
3227
3228
3229
3230
3231
3232
2825
6044
8622
3236
5562
3238
1652
3240
3241
3242
3243
3244
3245
1345
3247
647
3249
3250
3251
3252
7030
6811
3255
2461
3257
3258
3259
4152
3261
3262
3263
3264
7065
3266
3267
3268
3269
3270
7850
3272
1538
868
3275
1935
3277
3289
3279
3280
3281
3282
4884
9473
8378
7468
3287
3288
3289
3290
8773
3292
3293
3294
6261
3296
3297
3298
3299
3300
6350
3302
3303
5166
3305
3306
3307
3308
6018
3310
3311
3312
3313
6502
3315
3316
3317
3318
3319
5426
3321
3322
1393
4506
3325
2122
5003
3328
98
3330
3331
3332
3333
1860
2488
3336
3337
3338
3339
3340
3341
3342
9630
3344
1123
7141
9293
3348
3349
115
3351
3352
3353
3354
3355
7540
3357
6908
3359
1293
3361
3362
3363
3364
5216
3366
8459
3368
3369
3370
3371
3372
3373
3374
3375
3376
3377
9406
3379
1615
1656
3382
3383
7582
6980
1982
506
3388
3389
3390
3391
3392
3393
9492
3395
120
3397
3398
5562
3400
372
3402
3403
3404
3405
4307
3571
3408
3409
3410
3411
3412
3413
3414
3415
3416
3417
3418
3419
7222
3421
3422
3423
3424
3425
7534
3427
3428
2688
2133
3431
3432
3433
2562
3435
3436
3437
6463
3439
1195
3441
3442
654
3444
3445
3446
3447
3448
3449
6964
3451
3452
3453
4591
3455
3456
3457
3458
3459
3460
3461
3462
3463
297
3465
6739
3467
3468
3469
65
3471
3472
8551
3474
3475
3476
2382
3478
3479
7839
9269
3482
3483
3484
3485
3486
3487
5234
3489
4542
3491
3492
3493
3494
3495
3496
3497
3498
3499
3500
3501
3502
3503
3504
3505
3506
7634
3508
3509
3510
3511
3512
3513
3514
3515
747
3517
3518
5314
8205
3521
2094
4327
3524
3525
6987
3527
3528
3680
3530
9625
3532
3533
3534
3535
9248
2411
1038
7920
3540
3282
3542
3543
3544
3545
3047
3547
3548
3549
3550
3551
5553
3553
3554
3555
3556
1708
3558
8270
358
3561
3562
3563
3564
5919
7973
3567
3568
3569
3570
3571
5168
6414
1346
3575
6372
3577
3578
3579
8752
3581
3582
3583
3584
3585
3586
3587
3588
3589
3590
3591
3592
7920
3594
3595
3596
3597
3598
3599
449
3601
3602
3603
3604
2064
7706
3607
3608
9001
3610
3611
1619
3613
6158
3615
3616
3617
3618
7465
3620
5670
3622
3623
1387
3625
7448
3627
1737
1055
301
3631
3632
3633
4941
3635
3636
3637
2468
3639
3640
3641
3642
3643
3644
3645
3646
3647
9446
5397
3650
9047
3652
3653
3654
3655
3656
3115
1584
2110
3660
5459
3662
3663
3664
3665
3883
3667
3668
3669
3670
3671
3672
3673
3674
3675
8900
3677
3678
5399
3680
3681
3682
3683
3684
6057
9232
3687
1493
7459
3791
3691
8720
3693
3694
3695
7733
3697
1480
3699
3700
2175
1339
5219
9787
3705
3706
3707
3708
3665
3710
3711
3712
3713
1132
3715
3716
949
3718
981
479
3721
3722
3723
3724
3725
2350
6840
3728
3729
3730
3731
3732
3733
3734
3735
3736
9844
3738
3739
3740
6211
3742
9712
3744
3745
3746
1402
3748
3749
3750
3751
3752
3911
7236
3755
3756
3757
3758
3759
3639
1174
3762
878
3764
3765
3766
3767
8553
3769
3770
3774
3772
2536
3774
3775
3776
2519
3778
3779
3780
3781
3782
4200
3784
3785
6576
3787
3788
3789
4506
3791
5898
3793
3794
3795
3796
3797
9973
3799
3800
3801
3802
2000
3804
4326
3806
2603
3100
3809
3810
3811
3812
3813
3814
3815
3816
9937
1199
3819
1756
3821
3822
3823
3824
3825
3826
3827
3828
8100
3830
3831
3832
3833
3614
3250
3836
7674
3838
3839
2417
3841
3842
3467
2787
3845
3846
3847
5453
2291
3850
3851
5725
3853
3854
3855
3856
3857
3858
3859
6268
3861
3862
3863
3864
5492
3866
3867
3868
7703
8504
3871
3872
3873
3874
3875
6973
3877
3878
8525
3880
3881
3882
7913
6316
8187
1478
3887
3888
6879
3890
7903
3892
3893
3894
3895
3896
3897
3898
3899
3900
3901
6738
7412
519
3905
3906
3907
3355
3909
3910
5419
3912
3913
3914
3915
3916
3917
2871
3919
3920
3921
3922
3923
3924
3925
7939
6530
3928
3929
3930
3931
3932
3933
3934
6927
3936
3937
3938
3939
3940
3941
3942
3943
3944
2444
3946
3947
3948
4964
3950
3951
3952
3953
3954
3955
3956
3957
3958
3959
3960
3961
7803
1506
3964
3715
3966
3967
3968
3969
3970
3971
4920
3973
3974
3975
3976
3977
5476
3979
3980
3981
3982
9951
3984
983
3986
3987
986
3989
3990
6285
3992
3993
1925
3995
3996
3997
3998
3999
4000
4001
3392
4003
4004
4052
4006
4007
2617
4009
4010
4011
4012
4013
4014
3361
4016
124
4018
2381
4020
4021
4022
4023
4024
4025
4026
6844
5315
4029
4030
4031
4032
4033
4034
4035
4036
9338
4212
6636
359
2310
4042
4043
4044
3630
4046
4047
4048
4049
4050
5771
4052
9432
4054
4055
4056
4057
4058
5438
4060
5350
4062
346
4064
4065
4066
1053
5682
4069
9197
4071
4072
1751
4074
4075
2712
4077
4078
4079
4080
2396
5839
4083
4084
4085
4086
4651
4088
4089
2144
5111
4092
4093
4094
4095
3114
4097
5962
4099
1218
2957
4102
4103
4104
2455
4106
4107
1892
4109
4110
4111
4112
3364
1174
4115
4116
9814
4118
900
4873
4121
6676
7730
4124
4125
4126
4127
4128
4129
4897
4131
1594
4133
4134
4135
4136
9291
4138
4139
4140
4141
4142
4143
4144
4145
4146
4147
4148
4149
9243
7526
1748
4153
8903
4155
4156
4157
4158
4159
4160
4161
4811
4163
4164
6397
4166
51
4168
4169
4170
4171
4172
4173
4174
4175
4176
9772
4178
4179
4180
4181
2412
4183
4184
4185
3507
4187
4188
322
4190
8642
5141
4193
4194
4195
4196
4197
4198
4199
4200
4201
427
4203
4204
4205
4206
4207
4208
763
4210
9357
4212
4213
4927
4215
4216
4217
3078
4219
4220
4221
203
6503
4224
4225
4226
4227
1775
4229
4230
997
4232
4233
4234
645
4236
4237
4238
121
3606
4241
4242
4243
4244
4245
4371
4247
4248
4249
4250
4251
4252
4253
4254
4255
4256
4257
4258
4259
4260
4261
4262
4263
4264
4265
4266
4346
4268
1447
4270
4271
4272
4273
4274
2104
4276
4277
4278
4279
8029
4281
4282
4283
3255
4285
4286
4287
4288
4289
6666
4291
3276
4293
4294
4295
5582
4297
4298
4299
4300
4301
7946
4303
4304
4305
4306
4913
1947
1737
4310
4311
2425
4313
6662
4315
1203
4317
7454
4319
4320
4321
4322
1934
699
8608
4326
4327
4328
7219
3626
4331
4332
1088
4334
4335
1183
4337
4338
2365
4606
5877
4342
4343
4344
6337
2394
4347
4348
4349
380
9095
4352
4353
1591
9470
4356
4357
4358
6665
4360
4361
4362
6246
4364
4365
4366
4367
4368
3837
9153
4371
4372
4373
4374
1143
4650
677
4085
4379
4380
4381
3315
4383
4384
4385
4386
4387
4388
5415
7134
4391
4392
7759
4394
4395
2690
4397
4398
1828
6169
4401
3388
4403
3887
4405
4406
4407
4408
4409
4410
4411
4412
4413
7485
4415
4416
4417
151
4419
4420
1417
4422
4423
3165
8762
4426
4427
4428
4429
9022
4431
2370
4433
4434
707
4436
5657
4438
4439
6846
4441
4442
7066
4444
4445
4446
4297
4448
4449
4450
4451
4452
4453
4454
4455
4456
4457
1837
4459
4460
6319
4462
4463
4464
4465
4466
4467
4468
942
4470
1904
4472
4473
8754
3954
8592
4477
6808
4479
268
4481
4482
4483
4484
4485
4486
4487
4488
4489
463
4491
4492
4493
4494
3725
4496
4497
4498
4499
4500
7703
8016
8293
4504
4505
4506
4507
4508
3099
4510
4511
2942
4513
3719
4515
4516
6106
4518
4519
4520
4521
4522
4523
4524
4525
4526
4527
4528
4529
4530
4531
4532
4533
4534
4535
4536
4537
4538
4539
4540
3903
4542
4543
4544
4545
4546
4547
4548
4549
4550
4551
2921
2875
4695
4555
4556
4557
4558
4559
3964
4561
4562
4563
4564
4565
4566
4567
4568
4569
4872
4571
4572
4573
4574
3563
4576
4577
4578
1458
4580
4581
4582
4583
4584
958
4586
4587
4588
4589
4590
4591
4592
4593
4594
2165
4596
9097
8046
9184
4600
4601
4602
4603
5249
4605
4606
4145
4608
4609
4035
8011
4612
4613
4614
1257
13
4617
4618
4619
751
582
4622
4623
4736
4625
4626
4627
9740
3817
2675
4631
4632
4633
4634
4635
4636
96
4638
6299
4640
4641
4642
4643
7025
6302
4646
4647
4648
4649
7868
9741
4652
4653
4654
4655
715
4657
4658
4659
2016
4661
4662
4663
4664
1393
4666
5864
7351
1388
4670
4671
4672
4673
4674
4675
4676
4677
3032
4679
2573
8010
4682
4683
4684
4685
7750
4687
4688
3030
4690
4691
4692
4693
4694
4695
4696
4697
4698
4835
4700
9761
4702
4703
4704
1531
4706
4707
4708
4709
7013
4711
4712
4713
4714
4715
4716
4717
4718
4719
4720
4721
5933
4723
4724
2810
8985
3833
4728
322
4730
4731
6007
4733
1251
4698
4736
4737
4738
2096
6869
4356
8788
4743
4744
4745
8558
4747
4748
7559
4750
990
139
4753
4130
3916
7925
4757
4611
4759
3981
6982
4163
2790
4764
4765
8827
4767
4768
2546
4770
4771
4772
245
4774
56
4776
4777
4778
4779
6600
1588
4782
4783
928
4785
4786
4787
4788
4789
4790
4791
4792
4793
4794
4795
4796
9933
4798
4799
9475
4801
1226
2948
4804
4805
6989
4807
4808
4809
4810
3939
4812
2458
4814
2784
4816
4817
4818
3054
4820
4821
1189
4823
1946
4825
4826
4827
6367
7957
4830
4831
3290
4833
4834
4835
4836
4837
4838
4839
2795
1523
4842
4843
6206
4845
2174
841
4848
4849
8316
155
4852
4853
403
1362
1125
2030
4858
8755
4860
8397
4862
4863
7631
4865
4866
2377
4868
4869
4870
1947
4872
4873
7295
4875
4876
4877
4878
4879
4880
4881
9497
4883
7079
4885
4886
4887
4888
4889
4890
4891
5263
4893
4894
3081
697
1841
4382
6510
4900
4901
4902
4189
4904
4905
4906
4907
3969
4347
4910
4911
1683
4913
8634
4915
9779
4917
4918
4919
4920
7484
4922
4923
4924
8108
7858
1616
7283
4929
4930
4931
4932
1107
4934
8789
4936
562
4938
4939
4940
4941
4942
4943
3221
1634
6480
4947
4331
4949
7333
817
4952
4953
4954
136
4956
4957
4958
4959
4960
4961
4962
7513
4964
4965
4966
4967
6938
4969
4970
4971
4972
4973
4851
4975
4976
4977
4978
4979
4980
6905
4982
4983
4984
4985
5909
3740
4988
4989
4990
4991
4992
4993
4994
4995
4996
4997
4998
4999
5000
3798
5002
5003
5004
199
8821
9839
5008
5009
5010
5011
7762
5013
5014
1221
475
5017
5018
3489
5020
5021
8445
9199
5024
5025
9967
5027
4853
5029
5030
8580
5032
1507
5034
5035
2690
5037
351
5039
5040
5041
5042
5043
2621
5045
5046
5047
5048
5049
5050
5051
5052
5053
8622
5055
3215
5186
2718
5059
5060
5061
5062
5063
5064
5065
5066
5067
5068
5069
5070
5071
5072
4805
5074
5075
5076
5077
5078
5001
5080
5081
5082
8601
5084
6129
5086
5087
5088
5089
1311
5091
5092
9329
5094
5095
2278
6222
5098
5099
7992
5101
5102
5103
5104
4044
6342
1619
5108
2124
5110
5779
5112
6704
6849
5115
5116
5117
5118
4221
5120
9184
4999
2668
5124
5125
5126
5127
5128
5129
3748
5131
5132
5133
3946
5135
5136
5137
8025
5139
5140
8468
5142
7701
5144
5145
5146
7311
5148
5149
5150
2395
5152
3569
4561
5155
5156
9552
5158
5159
5160
5161
1244
5163
5359
5165
5166
5167
3403
5169
5170
5171
4355
5173
5795
5175
5176
5177
5178
3057
5180
4052
4606
5183
764
5185
5186
5187
6353
6900
5190
1560
5192
5193
5194
6439
5196
5197
6015
5199
6647
5201
5202
5203
5204
5420
5206
5207
1529
9130
5210
1595
5212
5213
517
5215
8587
5217
5218
5219
5220
5221
3491
5223
1591
1901
5226
5227
5228
891
3291
5231
5232
1960
5234
5235
5236
7415
5238
5239
5240
7196
5242
5243
5244
5245
5246
7683
5248
5249
5250
965
3809
5253
8750
5255
5256
3999
5258
5259
9279
5261
5262
5263
5264
5265
5266
8360
5268
6668
5270
6087
6984
5273
5274
5275
5275
5277
5278
5279
5280
5281
1781
7308
5284
1167
5286
5287
7132
5289
5290
5291
5292
8264
5294
5295
6471
1494
5298
9698
5300
5301
5302
5303
3509
4461
5306
3464
5308
5309
1858
5311
5312
314
5314
5315
6311
9145
5318
5319
5320
5321
5322
5323
5324
9776
5326
5327
5328
5329
943
5331
5332
5333
9502
5335
5336
5337
611
1526
5340
5341
5342
5343
5344
5345
5346
7402
5348
5349
6886
9487
5352
5353
5354
5355
5356
5357
5358
5359
5360
5361
5362
9024
5060
5365
5366
5367
5368
5369
5370
5371
5372
6798
5374
5375
5376
5377
5378
5379
5380
5381
9905
2098
5384
5385
5386
5387
2632
5389
1268
5391
5392
3762
5394
5395
5396
5397
6796
5399
9630
5401
5402
5403
5404
5405
5406
5407
3102
5409
7906
5411
5412
5413
5414
9990
5416
5417
8687
7358
5420
7533
792
1833
5424
5425
5426
5427
5428
9596
5430
5431
5432
1714
5434
5435
6924
5437
5438
5439
5440
5441
5442
5443
1803
7236
6923
5447
5448
5449
5450
4686
1002
5453
5454
5455
5456
5457
5458
4416
5460
5461
5462
5463
8589
5465
5466
9450
5468
5469
5470
8570
469
5473
5474
5475
5476
5477
5478
9577
9819
1150
5482
5483
5484
5485
5486
5487
5016
5489
5490
5491
5492
5493
3722
1002
5496
5497
5498
1767
5500
3650
5502
8037
5504
5505
2669
5507
8569
5509
5510
5511
5512
1859
5514
5515
1785
2828
99
5519
579
5521
5522
5523
5524
623
5526
1980
7079
5529
5530
5531
5532
5533
5534
5535
5512
3434
5538
5539
7844
5541
2281
8837
3084
5545
5546
6567
5548
414
5550
5551
5552
5553
5554
5555
5334
5557
5558
359
5560
5561
5562
5563
672
5565
2934
5567
5568
5569
7529
9809
862
5573
5574
1435
8373
5869
5578
5579
5580
5581
5582
1639
4458
4895
634
5587
5588
1114
7284
5591
5592
5593
5594
5595
9585
6617
5598
7358
5600
5601
5602
5603
5604
5605
6337
5607
5608
884
5610
5611
5612
5613
5614
5615
9621
1723
882
9833
5053
5621
5622
5623
5624
8490
5626
5627
5628
5629
5630
8586
5632
5633
5634
604
5636
5637
6824
5639
5640
5641
5642
5643
5644
5645
5646
5647
5648
5649
4646
5651
5652
5653
2215
5655
5656
5657
5658
5659
5660
5661
4720
5663
5664
5665
5666
9045
5668
5669
1902
777
5672
1428
7493
5675
5676
5677
5678
5679
5680
6315
5682
5683
5684
5685
5686
6147
7282
7183
5690
5691
5692
5693
5694
5695
5696
816
5698
7946
5700
5701
5702
5703
5704
5705
6152
5707
5708
5709
5710
5711
9872
5713
5714
5715
87
5717
5718
1758
8061
3414
5722
5723
6716
5725
5726
5727
5728
5729
5730
5731
5732
5733
5734
887
5736
5737
5738
5739
5740
5741
5742
5743
5744
5745
5746
5747
5748
5749
524
2977
5752
5753
9146
5755
5756
5757
5758
5759
3066
3095
5762
5763
5764
5765
3771
5767
5768
5769
5770
5771
5772
5962
5787
5775
5776
5777
5778
5779
5780
5781
146
5783
8111
5785
5786
5787
5788
5789
5790
5791
867
5793
5794
9616
5796
8241
5798
5799
5800
5801
5802
5803
5804
5805
5806
5807
5808
5809
5906
5811
5812
5813
5814
5815
6073
7051
5818
5819
5820
5821
2094
3907
1311
5825
1625
8108
5828
5829
1771
5831
5832
5833
5834
5835
5836
5837
5838
5839
5840
201
5842
5843
5844
3267
5846
5847
5848
2534
4561
5851
5852
1525
5854
2379
5842
556
4895
5859
5860
5861
5862
8005
7701
5270
5866
5867
9509
5869
9838
6534
1495
6591
9898
5875
5876
382
5878
6890
4435
5881
5882
7293
5884
5885
6576
5887
2218
5889
5890
5891
5892
5893
4071
5895
5896
5897
5898
3970
986
5901
4413
5903
5904
5905
5906
4528
5908
5909
8602
5911
5912
2180
5914
4994
5037
5917
5918
5919
4228
5921
5922
51
9051
5925
5926
5927
5928
5929
5930
5931
5932
9798
1813
5935
5936
5937
5938
503
5940
1790
5942
9317
4143
5945
5946
5947
5948
5949
5950
3809
4947
5953
6303
5955
5956
5957
5958
5959
5960
5961
6809
5963
5964
1786
2426
869
5968
5969
822
5971
5972
1137
8751
5975
5976
5977
5978
5979
5980
5981
5982
2452
5984
7851
5986
1981
5988
5989
7672
5991
5992
5993
5994
5995
1497
5997
5998
5999
9472
6001
6002
6003
6004
1313
9255
6007
4101
5319
6010
6011
6012
6013
6014
6015
2898
8080
6018
4139
6020
6021
6022
6023
6251
4377
6026
6027
6028
5069
5842
6031
1609
6033
6034
6035
5183
6037
6038
6039
8899
6041
6042
6043
6044
6045
6046
6780
6048
6049
2622
6051
6052
6053
9807
6055
3431
4933
6058
1081
6060
6061
6062
4392
6064
6065
6066
6067
468
6069
2288
9787
8924
6073
6074
7532
6076
6077
573
2161
8477
6081
6082
6083
6084
6085
8500
6087
6088
6089
1370
590
7807
6093
876
6095
6096
6097
1007
6099
6100
6101
1225
6103
6104
6105
6106
6107
3824
6109
6110
6111
6112
6113
6114
6115
1121
6117
6118
6119
4278
6121
6122
6123
6124
6125
6126
6127
6128
6129
6130
6131
9683
6133
6134
6135
6136
3418
6138
6139
6140
3633
6142
6143
6144
6145
6146
6147
6148
5450
1082
4514
6152
6153
7660
4176
6156
6157
6158
5558
6160
950
3182
6163
3956
9640
830
1493
6168
6169
1684
6171
6172
6173
6174
6175
6176
6177
6178
4869
9892
6181
6182
9064
9402
6185
6186
3758
6188
2475
1834
3115
6192
6193
2115
6195
6196
6197
6198
6199
5481
6201
6202
6203
9871
6205
6206
6207
6208
6209
4942
6211
6212
8831
6214
5571
6216
6217
6218
6219
6220
6757
9883
6223
6224
6225
6226
6227
6228
2476
6230
3142
4478
6233
2544
6235
9905
6237
749
6239
6240
6241
3460
6243
6244
8430
6246
6247
6248
2605
6250
6251
1776
6253
6254
8959
6256
6257
3207
461
6260
3618
1214
6263
6264
6265
6266
7909
6268
6269
6270
6271
6272
6273
7690
6275
6276
6277
6278
6279
6280
8178
6282
6283
7323
6285
6286
8543
6288
6289
6290
2725
7178
6293
6586
6295
6296
6297
6298
8220
6300
7572
2809
6303
6304
6305
6306
6307
6308
6309
6310
6311
6312
6313
6314
6315
1261
6317
6318
9564
6320
6321
2460
1729
6324
6325
177
173
7464
6329
6330
1275
6332
6333
6894
8927
6336
6337
2947
599
6340
6341
6342
6343
791
6345
1567
6347
6348
116
6350
6351
6352
6353
6354
3174
8308
6357
6358
4899
6360
6361
6362
6265
6364
9968
6366
6367
6368
4956
9410
8580
6066
6373
6374
849
6376
6377
6378
6379
2332
6381
6382
6383
6384
4403
6386
6387
5486
6389
6390
6391
6392
6393
6394
6395
6396
6397
6398
6399
6400
6401
2730
6403
6404
6405
6406
6407
6408
6409
6410
6411
6412
6413
6414
6415
6416
2380
6418
41
2553
9152
9549
6423
6870
6425
6426
6427
2135
5551
6747
6431
6432
6433
1692
6435
6436
6437
6181
6439
6440
7744
6442
6701
6444
6445
6446
6447
6448
6449
6450
6451
6452
7312
6454
6455
6456
6457
6458
6459
6460
6461
7159
6463
6464
6269
5852
6467
6725
6469
6470
6450
6472
6473
7394
6475
3680
7662
6478
6479
7867
6481
3963
6483
6484
3432
6486
6487
6488
6489
9080
9943
6492
6493
6494
6495
6496
6497
6498
6499
8019
6501
3511
6503
6504
6505
6506
6507
6508
6509
2035
6511
6512
6513
6514
3767
8739
6517
9703
6519
1340
423
6522
6523
5436
3862
6526
6527
6528
6529
5608
6531
6532
6533
4435
6535
6536
5567
6538
6539
6540
6541
6074
6543
6544
2659
6546
6547
1499
2173
1904
745
6552
6553
6554
6555
6556
6557
5577
6559
6560
6561
6562
6563
6564
6565
6566
7830
9639
6569
4873
6571
6003
408
6574
6575
6576
6577
6578
6579
5470
6581
6582
5384
6584
6585
1222
6587
6588
5727
7604
6591
1286
6593
6594
6595
6596
6597
6598
6599
4298
3691
6602
6603
6604
5361
8254
6607
6608
6609
6610
6611
1360
6613
8499
6615
6616
3383
6618
6619
6620
1684
6622
6623
6624
6625
7594
7434
2548
7813
6630
9636
6632
6633
6634
629
6636
6637
6638
6639
6640
6641
6642
6643
6644
6645
8334
6647
6648
6649
6650
6651
4934
6653
2531
6655
6656
4584
6658
6659
2076
6661
6662
6663
2361
6665
6666
6667
6668
6669
6670
3903
6672
6673
6674
6675
7147
6856
6678
8618
6680
6681
6682
6683
6684
6685
8060
6687
6688
7243
9943
165
6692
6693
4573
6695
6696
8670
6698
6699
6241
6701
6702
4369
700
6705
6706
6707
6708
6709
6710
6711
6712
6713
6714
963
8535
6717
6718
6719
6720
6721
6722
7972
6724
6725
6726
5374
5346
6729
6730
330
1675
6733
6297
6735
6736
6737
6738
1728
6740
6741
6742
6743
6744
6745
6746
5839
6748
6749
6750
6751
6752
122
1486
6755
31
6757
6758
6759
4327
8640
6318
3367
2485
6765
6766
1597
6768
6769
6770
6771
6772
6773
6774
1427
2044
6777
6220
6779
6780
6781
6782
6990
6784
6785
4980
2239
7602
6789
6790
6791
6792
6793
1536
6795
5085
6797
6183
6799
6800
6801
2398
6803
6804
7926
6806
9645
5894
6809
6810
6811
6812
6813
2280
6815
6816
6817
6818
1093
9471
6821
9126
6823
6824
904
6826
5982
6828
2633
684
6831
6832
6833
6834
6835
2831
1703
5905
6839
6840
7103
2861
6843
6844
6845
6846
1093
6848
1828
6850
6851
7763
6853
6854
628
6856
1023
6858
6859
6860
6861
6862
6863
8467
5904
6866
6867
6868
6869
6870
6871
6650
6873
6874
1558
969
9005
6878
1009
8893
6881
6882
6883
1490
2052
6886
6887
6888
6889
2495
6891
2361
5933
6894
6895
6896
6897
3801
6165
6900
6901
8926
6903
6904
6905
6906
6907
6908
6909
3441
8835
6912
6913
6914
6915
6293
7718
6918
6919
6920
702
6922
6923
6924
6925
6926
6927
6928
6929
6930
6931
6932
6933
6934
9079
6936
6937
1253
7509
6940
6941
2421
6943
6944
6945
6946
6947
6948
6949
6950
6951
6952
6953
6954
8732
6956
6957
6958
6959
4824
6961
6962
6963
6964
8018
6966
6967
6968
6969
604
3642
6972
6973
60
9216
5619
2329
6978
2238
8293
6981
8931
6885
6984
6985
5938
6987
3898
6989
6990
8452
6992
6993
6994
6995
2933
6997
4000
6999
7000
7001
7002
7662
7004
7005
7006
7007
7008
7631
9232
7011
3982
7013
7014
6573
7016
8535
5768
4257
7020
9116
562
7023
7024
7025
3286
7027
3021
6477
7030
2442
7032
7033
7034
7035
7036
7037
7038
7039
6649
7041
4340
8839
7044
7045
7046
7047
7048
7049
7050
7051
8669
7053
7054
7055
7056
7057
1590
714
7060
7061
7062
7370
7064
7065
7066
8841
7068
7069
7070
7071
7072
5186
7074
7075
7076
2678
7814
7434
7080
7081
7082
7083
5335
7085
2944
7087
7088
7089
4157
7091
7092
7093
7094
7095
8300
7097
7098
7099
8129
853
5911
7103
7104
3261
7106
7107
7108
7109
7110
9558
7112
5330
7114
621
7116
7117
6078
1189
7120
7121
7122
9965
1908
4212
8864
7127
7128
6452
994
7131
7132
3199
7134
7135
7136
7137
7540
8987
7140
7141
7142
7143
3931
6969
7146
7147
1766
1006
7150
7151
7152
7153
9249
9238
7156
806
7158
9709
7160
7161
7162
7163
7695
7165
7166
7167
7168
7169
8604
7171
7172
7173
8777
7175
7176
7177
7450
7179
7180
3393
9906
7183
7184
7185
7186
8198
7188
7189
4125
7191
7192
7193
7194
7195
3037
7197
7198
1864
7200
7201
7202
7203
7204
1067
7206
7207
7208
7209
7210
7211
7212
7213
7214
7215
5352
5395
7218
7219
7220
7221
7222
7223
7224
7225
7226
7227
7847
7229
4327
7231
5059
7233
392
7235
7236
7237
7238
4693
7240
7241
7242
2465
2304
7245
7246
7247
302
7249
1501
4140
7252
8192
7254
7088
7256
7257
7258
7259
7260
7261
9302
5361
7264
7265
7266
7959
2784
7269
4758
7271
1730
3521
7274
8111
3861
7277
2260
1391
7115
7281
8536
7283
7284
7285
9709
7287
7288
1088
7290
6504
7292
1172
9874
7295
7296
7297
7298
7299
7300
7301
7302
7303
7304
5857
7306
7307
6723
7309
7310
7311
3095
7313
7314
6370
6212
459
7318
7319
7320
7321
7322
7323
7324
7325
7326
660
7328
7329
7330
7331
3800
7333
7334
6255
7336
7337
7338
3241
7340
9457
7342
353
7344
8035
1619
6834
4496
7349
7350
7351
7352
7353
7354
7355
7356
7357
7358
6475
1881
7361
2572
7363
8748
7365
1288
3041
7368
7369
7370
7371
469
7373
7374
7375
674
7377
7378
6030
7380
7381
7382
7383
93
7385
7386
7387
7388
7389
7390
7391
7392
7393
6989
7395
7396
7397
7398
726
7400
7401
7402
7403
4768
7405
7406
7407
7408
7409
7410
7411
7412
7413
7414
7415
2009
7417
1346
5291
7420
7421
7422
7423
7424
9144
7170
7427
7428
1102
7430
5331
7432
7433
7434
7435
7436
2126
7438
6047
7440
4102
7442
7443
7444
7777
7446
7447
7448
7449
7450
8138
7452
1097
1895
7455
1087
7457
7458
7459
7460
7461
7462
7463
9641
7465
9902
195
7468
7469
684
7471
7472
7473
7474
7475
7476
2658
2278
7479
7480
8058
7482
7483
5167
758
7486
2021
3192
7489
1052
7491
5493
7493
7494
7495
7496
8601
168
7499
7500
9817
7502
7503
7504
7505
1742
7507
8134
5067
7510
7511
5377
7513
7514
7515
7516
7124
7518
7519
7520
3721
7522
4811
699
3068
4817
3628
7528
7529
7530
7531
7532
7533
2714
7535
3058
7537
7538
5287
4821
7541
7542
3990
7544
442
9333
7547
7548
7549
387
2739
7552
8983
6660
7555
7556
4624
7558
7559
7560
7561
8223
7563
7564
7639
7566
3066
7568
6475
7570
710
7572
7573
2847
7575
7576
7577
8260
2046
7580
7581
7848
7583
7584
7585
7586
7587
7588
7589
7590
4606
8690
7593
7594
1364
7596
7597
7598
7599
7626
7601
7602
7603
7604
7605
7606
7607
3509
7609
7610
7611
7612
5063
7614
7615
590
7617
1148
7619
7620
7621
5473
7623
7624
7625
7626
7627
7628
7629
7630
6322
1211
8710
7634
40
7636
7637
7638
7639
7640
5464
7233
7643
9423
7645
7646
7647
7648
6092
7650
7651
1835
7653
7654
7655
7656
7657
7658
2120
647
7661
7015
7663
7664
7665
7666
7667
7668
7669
7670
7671
6637
7673
7104
749
7676
9330
7678
1285
7680
7681
6016
7683
7684
7685
7686
7687
7688
7689
7690
7691
7692
7693
7694
3002
7696
1037
4267
7930
3268
4239
7702
601
1969
601
1227
7707
9644
7709
7710
7711
7712
7713
7714
7715
5220
7717
7718
7719
7720
6814
7722
7723
9738
7725
7726
7727
7728
7729
7730
7731
7732
7733
7734
7735
7736
1859
7738
7739
7740
7741
7742
7743
7744
7745
7746
7747
1962
7749
7750
7751
7752
6064
1301
7755
193
1401
7758
7759
7760
2703
658
7763
7764
7765
9827
7767
7768
7769
7770
7771
7772
7773
7774
7775
7776
3281
7778
7779
6957
7781
7782
7783
7784
7785
7786
7787
7788
7789
7790
7791
7792
7793
7794
7795
7796
2971
7798
7799
7800
7801
8747
7803
6
7805
7806
7807
7808
7809
7810
7811
4886
5886
7814
7815
789
7817
7818
7819
7820
7821
7822
7823
8341
7825
7826
1650
7828
7829
6841
7831
7832
7775
7225
7835
7836
483
7838
8112
2915
7841
7842
7843
7844
7845
7846
7847
7848
7849
7850
7851
7852
2091
7854
7826
7856
751
7858
7859
7860
7861
1231
7863
8066
7865
7390
7011
380
7869
7870
7871
7872
7873
7874
7875
7876
7877
1538
5178
120
7881
7882
7883
7884
7885
7886
7887
7888
7889
8098
4269
7715
7893
7894
5429
7896
7897
7898
7899
9416
172
1148
6044
7904
1139
7906
1918
7908
7909
7910
7911
7912
7913
7914
7915
7916
7917
7918
7919
7920
7921
3013
7923
7924
7925
7926
7927
6861
1636
7930
4754
7932
7933
7934
6500
7936
7937
7938
3973
7940
1302
7942
7943
1980
7945
7946
7947
7948
7949
7950
7951
8701
7953
7954
7955
7956
7957
7958
7959
7960
5943
7962
7963
8931
7965
3204
135
7968
7969
7970
7971
5091
3319
7974
8130
7976
7977
7978
1879
7980
7981
7982
361
7984
1311
2075
7987
7988
7989
7990
7991
7992
3830
1
1143
7624
7482
8035
7999
83
8001
1949
8003
8004
4440
8006
6116
8008
2840
8010
7571
8012
8013
8014
8015
8016
8017
8018
8019
8020
8021
8022
8023
2435
8025
8026
997
8028
7569
8030
8031
8032
8033
8068
1363
8036
8037
8038
8039
8040
8041
8042
8043
8044
8045
8046
6496
8048
378
8050
8051
6464
8053
8054
8055
1272
8057
6714
8059
8060
8061
8062
8634
8064
8065
8066
8738
8068
8069
8070
8071
8072
7338
8074
4828
4037
8077
8078
8079
8080
8081
673
8083
8084
8085
8086
8087
8088
8089
8090
9949
2776
8226
8094
8251
6761
8097
8098
8099
8100
8101
8102
3544
8508
9580
8271
2228
8108
8109
8110
8111
5560
8113
8114
7976
3703
8117
8118
8119
6953
4018
8122
8123
8124
6584
4783
8609
8128
8129
1402
8131
604
8133
8134
8135
3068
5032
8138
8139
8140
2792
8142
60
3459
8145
6254
8147
8148
8149
8150
9393
9479
8153
1586
8099
8156
8157
8158
8159
8195
8161
1814
8163
8164
8165
8166
8167
8168
8169
8170
8171
8172
8173
8174
8175
650
8177
8178
9955
8180
8181
8182
8183
8184
8185
8186
8187
719
9909
8190
8191
8192
8193
2637
8195
4378
8197
2167
8199
2853
8201
8202
3904
9877
8205
8206
8207
3925
328
8210
8211
6336
8213
8214
7822
8216
8217
8218
8219
1930
8221
8222
2867
8224
8225
8226
9417
8228
8229
4698
8231
8232
3687
8194
8235
8236
6063
8238
8239
8240
8241
7854
7112
7042
6347
8246
8247
8248
8249
8154
280
8272
8253
8254
8255
8256
8257
8258
8259
9081
8261
8262
8263
8264
8265
8266
8267
8268
9434
8270
8271
8272
8273
8274
8275
8276
2524
8278
8279
8280
8281
8282
8283
8284
8285
8286
927
8288
8289
8290
8355
8292
8293
897
981
2577
6065
8298
847
8300
8301
8302
8303
8304
8305
8306
8307
8308
8309
8310
5544
8312
715
8314
7684
8316
8317
8318
5984
8320
8321
4960
6977
5205
8325
9439
8327
8328
8329
8330
8331
8332
8333
8334
8335
8336
8337
8338
8339
8340
8341
1039
8343
8344
2797
8346
8347
8348
8349
8350
8351
7933
8353
7826
8355
8757
8357
4330
7725
8360
8361
8362
8363
8364
1239
8366
8367
8368
8369
8370
8371
8372
9760
8374
8375
8376
8377
8378
8379
8380
8381
9503
8383
8384
8385
8386
8387
8388
8389
8390
7970
1246
7569
8394
8395
8396
8397
1661
8399
8400
8401
8402
8403
8404
8405
8406
8407
8408
8409
8410
8411
4715
8413
8414
8415
1684
8417
8418
8419
8420
4291
8422
8423
8424
8425
8426
8427
4615
8429
7015
8431
8432
8433
1931
8435
8261
8437
8438
967
8440
851
8442
8443
8444
1779
8446
1821
4166
8449
8450
8451
8452
8453
8454
8455
8456
8457
8458
8047
8460
8461
8462
8463
6212
8465
8466
3567
8468
8469
8563
8471
8472
8473
8474
8475
8476
8477
8478
8479
8480
8481
8482
8483
8484
8485
8486
8487
8488
8489
8490
8491
8492
8488
8494
8495
8496
8497
6102
8499
8500
8501
8502
8503
1955
8505
8506
8507
8508
8509
8074
8511
951
8513
6655
8515
8516
8517
9638
8519
8520
8521
4381
2844
2034
8525
8526
8527
8528
9373
8530
8531
2064
1345
7230
4650
8536
8537
8538
8539
7377
8541
8542
8543
5769
2988
8546
8547
8548
8549
8550
8551
5593
8553
8554
1790
2138
8600
8558
5972
1136
8561
8562
6264
8564
5772
8566
8567
4047
8569
2695
18
3721
8573
1641
7758
8576
4113
2072
8579
8580
2437
8582
6737
8584
8585
5514
8587
8588
8589
8590
7411
6581
8593
8594
8595
8596
8597
8598
8599
8600
8601
8602
8603
8604
476
8606
8607
8608
8609
8610
8611
3090
37
8614
1970
8179
8617
6790
8619
8620
8621
8622
6917
8624
2190
1188
8627
8628
8629
8630
1905
8632
8633
8634
8635
8636
8637
8644
9144
8640
8641
8642
8643
8644
8645
8110
8647
8648
8649
4959
8102
8652
8653
8654
8655
8656
8657
8658
8659
8941
8661
8662
8663
8664
2135
8509
8667
4168
8669
1044
8671
8672
8673
8674
8675
8676
8677
8678
8679
3908
8681
8682
9901
219
8685
6254
6642
3256
8689
8690
8691
8692
3663
4772
8695
8696
8168
5947
8699
8700
8701
8702
8703
8704
8705
8706
8707
8708
8709
8710
8711
8712
8713
8714
8715
8716
525
8718
2995
8720
8721
8722
5505
8724
8194
3697
8276
3318
8729
5766
9051
9469
8733
8734
8735
8736
1046
8738
8739
8740
8741
1475
1565
7678
8745
5241
8747
8748
8749
8750
202
1332
8753
1025
6423
8756
1856
8758
8759
8760
8761
8762
6041
9667
8765
8766
254
8768
8769
8770
8771
3071
8773
8774
8775
8776
8777
8778
8779
8780
8781
8782
8783
3426
8785
8786
8787
8885
8789
8790
8791
665
8793
8794
454
8796
8797
8798
8799
2145
8801
8802
8803
8804
8805
675
8807
8808
8809
8810
8811
8812
8813
8814
2416
8816
5376
8818
8819
1334
8821
4665
774
8824
8825
6137
8827
8828
5829
8830
8831
2498
7155
8834
8835
3597
2780
8838
8033
8840
8841
8842
1605
3832
8845
8607
8847
8848
8627
8850
7438
8852
8853
8854
3564
8856
8857
8858
8859
5401
8861
8862
8863
9141
951
8866
8867
3207
8869
8870
8871
1413
8873
5476
8875
5836
4777
8878
8879
3583
7963
8882
8883
8884
8885
8886
526
8888
5807
8890
8891
8892
609
8894
8895
8896
8897
1281
8899
8900
763
7785
8903
8904
4512
8906
8907
8908
8909
5469
1997
8912
8913
3613
8915
8916
5120
6672
8919
8920
8921
6528
8923
8924
8925
8926
8583
8928
6934
8930
7488
8932
8933
9346
8935
8936
8937
8938
8939
8940
7275
7941
8943
8944
8945
8946
1687
8948
8949
8950
8951
8952
8953
8954
1354
6907
8957
8958
8959
8960
3743
8962
8963
8964
6001
2688
9427
4198
8969
8970
8971
8972
8973
8974
8975
6580
8977
8978
8979
8980
8981
8982
6041
8984
8985
8986
8987
8988
8989
8990
8991
8992
8993
4513
1350
1741
8997
8998
8999
9000
4437
9002
9003
9004
9005
9006
9007
9008
9009
9010
9011
3518
9013
3749
9015
9016
1903
9018
9019
9020
9021
9491
3048
9024
9025
9026
1609
9028
9029
9030
9031
2158
9033
7949
9035
9036
2143
9038
4161
688
9041
4687
9043
9044
9045
4170
7371
1274
164
587
9051
9052
9053
9054
9055
61
9057
9058
9059
9060
9061
9062
9063
5020
9065
4900
9067
5480
1480
9070
9071
2547
9073
9074
9655
3819
9077
2161
4465
9080
9081
2305
9020
9084
9378
1046
3803
9088
9089
9090
9091
9700
847
1967
9095
9096
9097
9098
9099
9100
9101
9102
9103
9920
9105
9106
2662
9108
9109
9110
9111
2525
9113
7913
2078
9116
9117
9118
9119
9120
9121
6150
7252
9124
9125
778
3150
2196
9129
9130
9131
1402
9133
9134
9135
9136
9137
9138
8874
9140
9141
1134
9143
9144
9145
9146
9147
9148
8550
9150
9151
9152
199
9154
1903
9156
9157
9158
9159
9160
813
9162
9163
9164
1022
9166
9167
9168
5569
9170
9171
9172
4525
9174
7875
9176
1313
9178
5462
9180
9181
9182
9183
9184
1416
9186
9187
9188
9189
2555
9191
9192
9193
9194
9195
9196
9197
4253
5200
9200
9201
9202
9203
9204
9205
9206
2579
9208
9209
9210
9211
8861
9213
1843
630
9216
9217
9218
9219
9220
9221
9222
9223
9224
7863
9226
9227
9228
9229
9230
9231
9232
9233
2322
9235
9236
3863
6302
9239
9240
9241
9242
9243
9244
9245
8993
9247
9248
2970
8192
9251
9252
9253
9254
9255
9256
9257
9604
9259
9461
9261
9262
9263
9893
9265
9266
9267
9268
9269
9270
2214
5716
9273
9274
9275
9276
9277
9278
9279
5329
7010
9282
9283
9284
9285
567
9287
5086
9289
8484
9291
2543
9293
9294
2594
2604
2508
9298
1953
9300
6032
9302
9303
9304
9305
9306
9307
1840
9309
1687
9311
9312
9313
9314
9025
9316
1975
9318
9319
9320
9321
9322
9323
9324
9325
1452
9327
9328
2520
9330
9331
9332
9333
9334
9335
9336
9337
9681
9339
9340
9341
9342
4945
9344
9345
5978
9347
9348
9349
9350
9351
4592
2941
9354
9355
9356
9357
9719
9359
9360
2948
9362
1364
4038
9365
9366
7251
9368
9369
9370
9371
9372
9373
9374
9375
1272
9377
9378
9379
9380
9381
9382
9383
9384
9385
4783
9387
9595
9389
9390
9391
9392
9393
4045
2221
2959
9397
9398
3954
9400
9401
1549
39
3957
9405
9406
2639
9408
9409
7186
5590
8497
9413
9414
9415
9416
8004
9418
9419
1945
9421
9422
9423
9424
299
9426
9427
9428
5998
9430
9431
9432
9433
9434
228
9436
9437
9438
9439
7116
9441
9442
9443
9679
9445
9446
9447
1454
9449
9450
9451
9452
9453
9454
9455
9456
9457
3503
9459
7884
7131
9462
9463
9670
8524
9466
9467
9468
861
9470
9471
9472
9473
9474
9475
9476
6526
9478
9479
9480
9481
9482
9483
9484
9485
5517
6402
9488
7292
4266
4046
5406
6963
9494
1607
9496
586
9498
9499
3467
9501
9502
6064
9504
9505
9506
3203
9508
5664
5440
9511
9512
1143
9514
9515
9516
9517
9518
9519
23
6451
9522
9523
9524
9525
9526
9527
9528
9529
1793
9531
1080
9533
9534
9535
9536
9537
9538
9539
648
9541
9542
9543
9544
7677
9546
9547
9548
9549
9550
8043
9552
9553
9554
9555
9150
9557
9558
4659
9560
9561
9562
9563
9564
9565
2958
9567
9568
9569
9570
9571
9572
9573
9574
9575
9576
4484
6494
9579
9580
6098
6965
9583
9584
9585
7344
9587
9588
9589
9590
9591
9592
9593
9594
1397
405
9597
9598
9599
4353
9601
9602
9603
9604
9605
7168
9607
9608
9609
9610
9611
9612
3078
6235
9615
9616
7748
9618
9619
9620
9621
9622
9623
9624
9625
9626
9627
9628
9629
9630
9631
9177
9633
9634
9635
9636
9637
6571
9639
9640
9641
4272
8044
9644
9645
9646
9647
9648
9649
9763
9651
2426
9653
605
1498
9656
9657
9658
9659
9660
2129
7395
9663
4811
9665
9666
5937
9668
9669
9670
9671
9672
9673
2647
9675
6535
9677
7296
9679
9680
9681
4422
1588
9684
3798
2900
2074
6104
9689
9690
9691
9692
9693
3840
9413
9696
9697
3286
9699
9700
9701
9702
9703
9704
9705
2580
9707
9708
9709
1472
9711
9712
9713
9714
9715
1064
9717
9718
9719
9720
9721
9722
9723
1450
8095
9726
1943
1522
9729
2930
9731
9732
9733
9734
9735
9736
9737
9738
9739
9740
9741
5290
9743
9744
826
7901
9747
9748
9779
9750
8351
9752
9753
9754
9755
9366
9757
9758
9759
7290
9761
9762
9763
9764
9765
9766
9767
9768
9769
9770
9771
9285
9773
6080
9775
3472
9777
9778
9779
4292
3430
9782
9783
9784
150
9786
9787
9788
9789
9790
92
9792
9793
9794
9795
9796
9797
482
9799
3552
9801
7739
9803
7316
9805
6230
9807
9808
9809
9810
9811
781
1484
9814
303
9816
329
9818
9819
5356
9821
9822
8670
9824
9825
3665
9827
9828
2688
9830
9831
9832
9833
9834
9835
6488
4425
1091
9839
9840
9841
9842
9843
9844
9845
9846
9847
9848
9849
9850
9851
9852
9853
9854
2471
2823
9857
9858
9859
9860
8364
9862
393
600
9865
9866
9867
9868
9869
9870
8309
9872
7933
9874
9875
9876
9877
3341
4947
9880
9881
8695
9883
9884
9885
720
9887
9888
9889
9890
9891
9892
9893
9894
9895
9896
9897
9898
9899
2900
9901
9902
9903
1215
9905
9906
6189
3252
9909
5676
9382
5731
4886
9914
9915
9916
9917
9918
1889
9920
9921
957
9923
2875
9925
9926
4723
6376
9929
4786
9931
9932
5483
9934
9935
7678
9937
8957
9939
9940
2926
9942
9664
9944
3691
9946
9947
9948
9949
2669
9951
9952
9953
9954
9384
754
9957
9958
9959
9960
9961
9962
9963
9964
9965
9966
9967
6787
9969
7500
6890
9972
9192
9974
9975
9976
9977
1361
9979
8193
9981
9982
9983
9984
652
9986
9987
4642
9989
7393
5612
9992
9993
9994
9995
1231
9997
9998
4512