0
1
2
514
4
5
6
7
8
2667
10
11
12
13
1250
2143
16
620
18
19
20
21
22
23
24
25
26
27
2002
29
30
31
32
3347
34
35
36
37
38
246
40
41
42
43
44
9589
46
47
48
49
50
51
52
53
265
55
1860
57
58
59
60
61
5544
63
64
6874
4749
67
68
69
8466
2744
72
73
74
2397
9037
77
78
3538
7604
81
82
226
84
85
86
7082
88
2877
4108
91
92
93
94
95
96
97
1677
99
5828
101
6058
103
104
105
106
1400
108
109
110
1779
58
113
1867
115
2348
117
118
119
120
7780
122
123
124
438
1986
127
7488
1920
130
4046
132
133
134
135
4472
137
138
139
140
1953
142
143
144
145
146
147
148
149
150
151
152
8074
154
4285
156
157
158
2585
160
161
162
163
164
165
166
5703
1268
169
170
4184
172
5492
1971
175
176
177
178
5994
180
181
182
183
184
4697
186
2552
188
7837
190
191
192
193
1268
6244
196
197
2855
7552
200
201
202
203
4295
205
5886
207
208
4353
210
211
212
2317
214
7429
216
1622
9514
219
220
221
5264
223
224
225
2106
97
228
6451
230
231
232
2701
234
8645
236
237
238
8666
240
241
242
1435
5583
245
246
247
248
249
250
251
252
253
254
255
256
6703
635
1425
260
7435
262
263
264
7394
7300
267
268
269
270
271
1582
9119
274
275
276
277
9393
1520
280
2703
282
283
284
285
286
9513
7898
1732
1718
291
292
1143
294
3407
296
297
298
299
6191
301
2986
303
304
305
306
8648
308
309
2112
6065
312
313
314
315
316
317
318
319
320
321
322
7138
822
325
120
327
328
329
330
331
332
333
1747
6848
336
8460
154
339
340
341
1033
1143
344
345
346
954
9266
349
350
8016
352
353
354
2301
356
2739
3892
359
360
361
664
8852
8794
78
5655
367
368
7774
5888
371
372
373
9064
375
2636
377
9567
6640
380
7455
382
383
2183
4897
386
387
388
1689
390
4737
392
393
394
619
396
2645
7220
399
400
705
402
403
404
405
5247
407
408
409
410
411
412
4961
414
8449
7700
417
418
419
420
421
422
5468
424
1917
426
4740
428
429
430
431
432
9041
434
9890
436
8988
438
439
440
441
442
443
444
6958
446
447
448
449
2736
451
452
453
454
455
456
5912
458
8039
460
461
2659
8806
464
465
379
467
468
469
470
2181
1454
473
474
2707
476
477
478
479
1450
481
482
483
484
485
7952
829
488
518
8301
491
4097
1270
9577
3193
496
497
809
499
500
501
502
503
504
505
268
507
8773
509
1319
657
512
513
514
515
516
517
5792
7864
520
3179
522
7932
524
525
526
9197
528
529
530
531
532
1204
534
535
3256
537
538
539
540
2165
480
543
666
8130
546
3286
548
549
550
2262
3194
7221
554
555
9801
557
558
559
837
2793
562
4060
6636
565
1268
4897
568
569
4802
571
8073
573
574
575
576
577
1466
2911
580
581
3639
8969
584
585
586
587
3644
589
590
591
592
108
594
595
596
597
6509
599
600
601
602
603
604
605
606
607
2300
609
610
6173
612
613
3734
615
5801
617
655
619
620
621
622
623
624
625
9995
627
628
629
9024
631
632
633
634
635
5979
637
638
639
640
641
642
5468
5529
645
646
2209
648
649
2420
7531
652
653
654
655
6380
9214
658
659
660
661
662
663
664
3687
666
667
668
8812
670
671
672
673
674
675
676
1189
678
679
2350
681
682
1418
684
685
686
687
688
689
690
8036
692
693
694
695
1578
697
698
699
700
701
7796
703
704
705
706
707
708
709
710
711
6291
6094
8877
8176
716
717
718
719
647
7931
3196
5489
724
725
8391
727
728
6771
4
731
732
733
734
2839
736
737
2750
5434
740
741
742
7594
744
9360
746
747
748
749
750
751
752
7373
754
4047
756
757
758
759
760
761
9078
763
764
1964
2070
767
768
869
770
9064
7750
2449
774
775
776
777
778
4927
780
781
782
783
784
9775
786
787
788
789
790
791
5239
793
794
795
7995
797
798
120
5006
801
1511
803
4299
805
2755
807
8209
809
810
3965
812
2126
814
815
816
5001
963
4520
820
821
822
7196
824
825
4848
827
828
829
830
831
905
833
834
835
836
222
838
4869
840
2416
842
6919
844
845
846
8034
848
849
850
851
852
2524
854
855
856
857
858
5077
860
861
862
863
9032
865
866
250
1327
869
870
4471
872
873
1514
875
876
877
878
879
880
881
882
883
884
7168
886
887
888
889
890
891
892
1852
894
895
896
897
898
9728
900
2748
902
903
1053
5866
906
907
908
909
910
911
912
913
914
915
916
5291
918
919
1221
921
922
4251
924
7488
926
927
5084
5658
930
931
932
933
3137
92
936
937
938
2055
940
941
942
3205
9212
5924
946
947
2970
949
950
951
952
6236
5941
955
956
957
2735
8840
960
1163
962
3927
964
8093
966
967
968
969
970
971
972
4182
974
3155
574
977
416
979
980
981
1674
407
984
1664
8455
987
587
1296
990
5105
992
993
994
2707
996
997
2166
999